video_id,title,description,channel_title,tags_api_raw,views,views_per_hour,from_shorts,duration_sec,published_at,category_id,category_name,hashtags_extracted,tags_common,tags_only_api,tags_only_hash
2gdz89OzyxI,Реальные цены на Chery в Китае. Слабонервным не смотреть! #лайкавто #автоизкитая #автоимпорт,,LikeAvto,[],3389696,28442.16169233801,1,55,2025-11-08T13:19:07Z,2,Autos & Vehicles,"[""лайкавто"", ""автоизкитая"", ""автоимпорт""]",[],[],"[""автоизкитая"", ""автоимпорт"", ""лайкавто""]"
bQiu6TEcRtk,Свинцовый молоток для хромированных деталей #факты #автомобили,,Kozy Mozy Production,[],1124275,50705.30079060234,1,16,2025-11-12T14:19:28Z,2,Autos & Vehicles,"[""факты"", ""автомобили""]",[],[],"[""автомобили"", ""факты""]"
TsQjICQuM48,Испытание новых шин 1956г #ссср #шина #колесо #авто #automobile #auto #сделановссср #шортс #shorts,,Бородатая Скула,[],2769666,29480.924844484867,1,59,2025-11-09T14:32:58Z,2,Autos & Vehicles,"[""automobile"", ""shorts"", ""авто"", ""auto"", ""ссср"", ""сделановссср"", ""колесо"", ""шина"", ""шортс""]",[],[],"[""auto"", ""automobile"", ""shorts"", ""авто"", ""колесо"", ""сделановссср"", ""ссср"", ""шина"", ""шортс""]"
JiqpsXqAnsY,Она знала марки всех машин 😅😁🤪 Inst: valovsemen,"Inst: valovsemen

Copyright Notice: In accordance with Section 107 of the Copyright Act of 1976, this material is used under the 'fair use' provision for activities such as criticism, commentary, news reporting, teaching, scholarship, and research.

Если вы считаете, что видео на этом канале нарушает Ваши авторские права, напишите нам на почту: rolfbaughman54@gmail.com, и мы ответим Вам в течение 24 часов. Видео будет удалено с канала или мы Вас отметим (как Вы посчитаете нужным).

If you are the owner of copyright and have discovered that your material has been used without your permission, or if you wish to request the removal of content for another reason, please write to us at our official email address: rolfbaughman54@gmail.com

TG для связи: t.me/gangoneog",Auto Grinder Shorts,[],3855995,18357.829797592323,1,13,2025-11-04T18:27:03Z,2,Autos & Vehicles,[],[],[],[]
_uLzvbfTEMs,Secure your pedals like a pro🔐🚗,"Spare your time and dare to be great with the most creative hacks, innovative DIY crafts, cake recipes and the latest beauty trends & tricks. Look no further than MetDaan to Craft It Yourself.
#Metdaan #DIY #Hacks #handyman #diy #metalworking #inventions #metal #diyinventions #diycrafts #diyprojects #handdrill #hammer #screwdriver #wrenches #utilityknife #tapemeasure #handyman #handymantips #homeimprovement #handymantools #diyideas #homemadetools #diytools 

Follow us :
Facebook: https://www.facebook.com/MetDaanMagazine
Instagram: https://www.instagram.com/metdaan
Twitter: https://twitter.com/metdaan
TikTok: https://www.tiktok.com/@metdaan.official",MetDaan Originals,"[""crafts for girls"", ""crafts to do"", ""crafts at home"", ""crafts"", ""diy crafts"", ""craft"", ""diy craft"", ""craft work"", ""easy craft"", ""diy"", ""diy projects"", ""diy ideas"", ""easy diy"", ""diy for beginners"", ""handyman"", ""handyman tools"", ""the handyman"", ""tools"", ""hand tools"", ""diy tools"", ""tools for beginners"", ""amazing tools"", ""metal"", ""sheet metal"", ""metal buildings"", ""diy metal projects"", ""scrap metal"", ""metal break"", ""best diy tools"", ""diy tips"", ""homemade tools"", ""diy homemade""]",10990374,64652.868399933264,1,18,2025-11-06T10:30:24Z,2,Autos & Vehicles,"[""handymantips"", ""diyideas"", ""homemadetools"", ""metal"", ""diytools"", ""hacks"", ""diyprojects"", ""handdrill"", ""utilityknife"", ""tapemeasure"", ""diy"", ""diyinventions"", ""diycrafts"", ""hammer"", ""homeimprovement"", ""inventions"", ""metdaan"", ""wrenches"", ""handyman"", ""metalworking"", ""handymantools"", ""screwdriver""]","[""diy"", ""handyman"", ""metal""]","[""amazing tools"", ""best diy tools"", ""craft"", ""craft work"", ""crafts"", ""crafts at home"", ""crafts for girls"", ""crafts to do"", ""diy craft"", ""diy crafts"", ""diy for beginners"", ""diy homemade"", ""diy ideas"", ""diy metal projects"", ""diy projects"", ""diy tips"", ""diy tools"", ""easy craft"", ""easy diy"", ""hand tools"", ""handyman tools"", ""homemade tools"", ""metal break"", ""metal buildings"", ""scrap metal"", ""sheet metal"", ""the handyman"", ""tools"", ""tools for beginners""]","[""diycrafts"", ""diyideas"", ""diyinventions"", ""diyprojects"", ""diytools"", ""hacks"", ""hammer"", ""handdrill"", ""handymantips"", ""handymantools"", ""homeimprovement"", ""homemadetools"", ""inventions"", ""metalworking"", ""metdaan"", ""screwdriver"", ""tapemeasure"", ""utilityknife"", ""wrenches""]"
RmD96OQ_3ro,"Mercedes SLR McLaren — капот, который открывается как произведение искусства","У Mercedes SLR McLaren даже капот — шедевр инженерии.
⠀
Он открывается не просто вверх, а по диагонали вперёд, как у настоящего суперкара из другой эпохи.
⠀
Каждый раз, когда видишь, как он поднимается, понимаешь — это не просто машина, а инженерное искусство.
⠀
Созданный совместно Mercedes и McLaren, этот автомобиль — пример того, как дизайн, технологии и эмоции могут объединиться в одном движении.
⠀
SLR не просто открывает капот — он демонстрирует характер.

https://www.instagram.com/sokolovskiy_48/

https://www.instagram.com/autosl/

https://www.tiktok.com/@sokolovskiy_48

https://www.facebook.com/sokolovskiy48/

https://t.me/radiosokol48

#mercedesslr #slrmclaren #mercedesbenz #supercar #carspotting #autoradio #radiosokol #autoslsokolovskiy #carcollection #carreview #carculture #mclarenheritage #carporn #dreamcar #supercarsdaily #mercedesfans #mclarenfans #carengineering #v8supercar #mechanicalart #luxurycars",Radio Sokol 48,[],634859,12722.070591452113,1,20,2025-11-11T10:35:42Z,2,Autos & Vehicles,"[""autoradio"", ""carculture"", ""carporn"", ""mclarenheritage"", ""mechanicalart"", ""dreamcar"", ""carengineering"", ""v8supercar"", ""carspotting"", ""carreview"", ""slrmclaren"", ""mclarenfans"", ""mercedesfans"", ""luxurycars"", ""mercedesbenz"", ""radiosokol"", ""supercarsdaily"", ""mercedesslr"", ""autoslsokolovskiy"", ""supercar"", ""carcollection""]",[],[],"[""autoradio"", ""autoslsokolovskiy"", ""carcollection"", ""carculture"", ""carengineering"", ""carporn"", ""carreview"", ""carspotting"", ""dreamcar"", ""luxurycars"", ""mclarenfans"", ""mclarenheritage"", ""mechanicalart"", ""mercedesbenz"", ""mercedesfans"", ""mercedesslr"", ""radiosokol"", ""slrmclaren"", ""supercar"", ""supercarsdaily"", ""v8supercar""]"
9yAtC9FvRRk,ТТ-4 трактор который спасал людей на севере #машина #ссср #трактор,,BEST CONTENT,[],944147,13586.324194971226,1,52,2025-11-10T15:00:17Z,2,Autos & Vehicles,"[""трактор"", ""ссср"", ""машина""]",[],[],"[""машина"", ""ссср"", ""трактор""]"
HOrrQ954JBU,ИНЖЕНЕРНЫЕ решения.ДЛЯ ЧЕГО⁉️#авто #обзор #ссср #машина #техника,,MOMENT7S,[],2571586,15492.030682190913,1,58,2025-11-06T14:30:11Z,2,Autos & Vehicles,"[""авто"", ""ссср"", ""техника"", ""машина"", ""обзор""]",[],[],"[""авто"", ""машина"", ""обзор"", ""ссср"", ""техника""]"
nhNQVolc2Oo,Покатал на мотоцикле.,,Чудо Инженерии ,[],1436294,14965.733472076414,1,54,2025-11-09T12:31:30Z,2,Autos & Vehicles,[],[],[],[]
oTT-MhTCD8o,Почему пилот F1 не может забрать себе шину?,"Почему пилот F1 не может забрать себе шину?

Music from #InAudio: https://inaudio.org/ 
Infraction -  Brutalism

#Pirellitires #Pirelli #F1tires",Fact Fusion,"[""формула 1"", ""pirelli tires"", ""f1 tires"", ""интересно"", ""интересные истории"", ""fact fusion"", ""ff"", ""факт"", ""интересное"", ""удивительные факты"", ""познавательное"", ""познавательные факт"", ""невероятные факты"", ""топ"", ""вы не знали"", ""а вы знали"", ""ютуб шортс"", ""факты""]",1950423,12123.363549433481,1,60,2025-11-06T19:36:57Z,2,Autos & Vehicles,"[""pirelli"", ""pirellitires"", ""inaudio"", ""f1tires""]",[],"[""f1 tires"", ""fact fusion"", ""ff"", ""pirelli tires"", ""а вы знали"", ""вы не знали"", ""интересно"", ""интересное"", ""интересные истории"", ""невероятные факты"", ""познавательное"", ""познавательные факт"", ""топ"", ""удивительные факты"", ""факт"", ""факты"", ""формула 1"", ""ютуб шортс""]","[""f1tires"", ""inaudio"", ""pirelli"", ""pirellitires""]"
_hFkHF4m-0M,Давидыч - Самый Безумный Автомобиль Dodge Challenger SRT Hellcat😈 #shorts,,Auto World,[],997896,10069.591018984644,1,68,2025-11-09T09:23:50Z,2,Autos & Vehicles,"[""shorts""]",[],[],"[""shorts""]"
thscrcBFxXY,"УАЗ “буханка” застрял на склоне — вытаскивали аккуратно, чтобы не перевернуть",,TechTripView,[],948153,10582.431128611182,1,57,2025-11-09T18:54:01Z,2,Autos & Vehicles,[],[],[],[]
Ftj1oSCqXYE,Петренто автоваз #петренто #petrento #прикол #приколы #мем #мемы #юмор #смех #memes #funny,"Petrento Games YouTube - https://www.youtube.com/user/petrento1 
Boosty: https://boosty.to/meatpetrento
TikTok: https://www.tiktok.com/@petrento
TELEGRAM: https://t.me/meatprivat
В Контакте: https://vk.com/knifeandmeat 
Twitch: https://www.twitch.tv/petrento
KICK: https://kick.com/petrentogames
Trovo: https://trovo.live/s/petrento
VK PLay: https://live.vkplay.ru/petrento
RuTube: https://rutube.ru/channel/1742339/ 
Dzen: https://dzen.ru/petrento
Instagram - https://instagram.com/petrento  
✪ Наш DISCORD с паблик комнатами - https://discord.gg/sbnPxvz 
#прикол #приколы #петренто #petrento 
Для вашего комфортного пребывания в чате на стримах petrento, администрация МЕАТ советует вам придерживаться простых правил! 
-НЕ вдаваться в политику! 
-НЕ оскорблять гостей стрима! 
-НЕ проникаться рассисткими и гендерными перепитиями! 
-НЕ рекламировать каналовпродуктовстримов, не согласованных с администрацией! 
-НЕ допускать множественного флуда и флейма в чате, однотипными и не несущимми смысловой нагрузки сообщенями! 
-НЕ злоупотреблять КАПСОВЫМИ сообщенями! 
За незначительные нарушения, модераторами чата может быть выдано как предупреждение, так и бан на 5 минут, за грубые нарушения предусмотрен перманент бан, обжаловать который вы можете связавшись с модераторами группы https://vk.com/knifeandmeat 
Надеемся эти правила не слишком сложны, для того чтобы наш чат был приятен и удобен для вас! Ваш МЕАТ!",Petrento Stream TV,"[""петренто"", ""petrento"", ""приколы"", ""прикол"", ""мем"", ""мемы"", ""реакция"", ""лучшие"", ""лучшие приколы"", ""рофл"", ""rofl"", ""ф фторник"", ""petrento games"", ""смешные моменты"", ""смотрит"", ""смотрит приколы"", ""петренто гамес"", ""приколы в играх"", ""приколы из игр"", ""лучшие приколы"", ""твич"", ""рус"", ""coub"", ""тест на психику"", ""стрим"", ""приколы"", ""приколы"", ""смешные"", ""смешные моменты"", ""засмеялся проиграл"", ""пубг приколы"", ""pubg приколы"", ""видео приколы"", ""новые приколы"", ""смешные приколы"", ""баги"", ""смеха"", ""лучшая подборка приколов"", ""моменты"", ""petrento смотрит"", ""приколы 2025"", ""warzone""]",504013,6906.184192033939,1,15,2025-11-10T11:31:02Z,2,Autos & Vehicles,"[""приколы"", ""смех"", ""memes"", ""мем"", ""петренто"", ""funny"", ""прикол"", ""юмор"", ""мемы"", ""petrento""]","[""petrento"", ""мем"", ""мемы"", ""петренто"", ""прикол"", ""приколы""]","[""coub"", ""petrento games"", ""petrento смотрит"", ""pubg приколы"", ""rofl"", ""warzone"", ""баги"", ""видео приколы"", ""засмеялся проиграл"", ""лучшая подборка приколов"", ""лучшие"", ""лучшие приколы"", ""моменты"", ""новые приколы"", ""петренто гамес"", ""приколы 2025"", ""приколы в играх"", ""приколы из игр"", ""пубг приколы"", ""реакция"", ""рофл"", ""рус"", ""смеха"", ""смешные"", ""смешные моменты"", ""смешные приколы"", ""смотрит"", ""смотрит приколы"", ""стрим"", ""твич"", ""тест на психику"", ""ф фторник""]","[""funny"", ""memes"", ""смех"", ""юмор""]"
shJ6h07ScuY,Мотоцикл БИЗНЕС класса - BMW R1300RT,,EXPLOSIVE MIKE,[],1844952,10685.568794233974,1,50,2025-11-06T07:50:20Z,2,Autos & Vehicles,[],[],[],[]
Q8YbwAndZAs,ТАКОГО я еще не видел за 15 лет работы в автосервисе! #авто #ремонтавто #двигатель,"👉Полный комплекс услуг для вашего автомобиля по ссылке в описании!

Привет! Вы на канале Честный ремонт и авто на заказ.
Я более 15 лет профессионально занимаюсь диагностикой, чип-тюнингом и ремонтом автомобильной электроники.

Сегодня расскажу случай, который даже для меня стал шоком. Land Cruiser 200 приехал с жалобой на “заглох мотор” и подозрением на засор топливного фильтра. Но, друзья, дело было не в фильтре и не в топливе…

Смотрите до конца, чтобы понять, как распознать ранние признаки серьёзной поломки и не довести мотор до такого состояния.

Подписывайтесь на канал — здесь реальные истории, честные разборы и советы, которые помогут сэкономить, защитить авто и нервы.

#тойота #landcruiser #авто #ремонтавто #двигатель #автомобиль #автосервис #автоблогер #диагностикаавто #авторемонт #машина #топливныйфильтр",Тарас Шевченко | Честный ремонт и авто на заказ,"[""тарас шевченко авто"", ""автоблогер"", ""автомобиль"", ""авто"", ""автомобили"", ""ремонт двигателя"", ""автосервис"", ""ремонт авто"", ""сто"", ""обзор авто"", ""диагностика авто"", ""восстановление авто"", ""китайские авто"", ""авто из кореи"", ""пригнать авто"", ""какое авто выбрать"", ""что купить из авто сейчас"", ""toyota"", ""land cruiser"", ""тойота"", ""дизель"", ""удаление егр"", ""крузак"", ""крузак 200"", ""русификация китайских авто"", ""машины"", ""авто из японии"", ""топливный фильтр"", ""ленд крузер 200"", ""тойота ленд крузер 200"", ""land cruiser 200"", ""двигатель авто"", ""двс""]",468907,6841.672372828761,0,69,2025-11-10T15:57:37Z,2,Autos & Vehicles,"[""тойота"", ""авторемонт"", ""автомобиль"", ""ремонтавто"", ""авто"", ""автосервис"", ""диагностикаавто"", ""автоблогер"", ""машина"", ""топливныйфильтр"", ""двигатель"", ""landcruiser""]","[""авто"", ""автоблогер"", ""автомобиль"", ""автосервис"", ""тойота""]","[""land cruiser"", ""land cruiser 200"", ""toyota"", ""авто из кореи"", ""авто из японии"", ""автомобили"", ""восстановление авто"", ""двигатель авто"", ""двс"", ""диагностика авто"", ""дизель"", ""какое авто выбрать"", ""китайские авто"", ""крузак"", ""крузак 200"", ""ленд крузер 200"", ""машины"", ""обзор авто"", ""пригнать авто"", ""ремонт авто"", ""ремонт двигателя"", ""русификация китайских авто"", ""сто"", ""тарас шевченко авто"", ""тойота ленд крузер 200"", ""топливный фильтр"", ""удаление егр"", ""что купить из авто сейчас""]","[""landcruiser"", ""авторемонт"", ""двигатель"", ""диагностикаавто"", ""машина"", ""ремонтавто"", ""топливныйфильтр""]"
hOK3eY4W-2Y,if your SUV tyre stuck in desert sand than your tyre will help to bring it out. that's easy tricks .,,AUTO GLAMOUR ,[],6225318,84709.46282850257,1,10,2025-11-10T11:00:25Z,2,Autos & Vehicles,[],[],[],[]
P0Hxzm5mRv4,Как понять габариты машины точно,"Слушай внимательно — у новичков часто возникает ощущение, что машина шире дороги, особенно на узких участках. Это обман зрения. Чтобы реально чувствовать габариты, отметь, где находятся колёса. На пустой площадке поставь их на линию и запомни точки на панели, которые совпадают с ней. Теперь, когда они совмещаются с линией на дороге, колёса точно на краю. А для светофора помни: стой так, чтобы капот совпадал с колёсами впереди стоящей машины — тогда всегда сможешь вырулить безопасно. Copyright Notice: In accordance with Section 107 of the Copyright Act of 1976, this material is used under the 'fair use' provision for activities such as criticism, commentary, news reporting, teaching, scholarship, and research.

Если вы считаете, что видео на этом канале нарушает Ваши авторские права, напишите нам на почту: premiumworks1020@gmail.com, и мы ответим Вам в течение 24 часов. Видео будет удалено с канала или мы Вас отметим (как Вы посчитаете нужным).

If you are the owner of copyright and have discovered that your material has been used without your permission, or if you wish to request the removal of content for another reason, please write to us at our official email address: premiumworks1020@gmail.com",Яркие новости,[],607220,10844.406741413242,1,42,2025-11-11T04:30:12Z,2,Autos & Vehicles,[],[],[],[]
U6Mml2BeAmU,360° Car Camera Mount Tool – Easy DIY Install with Built-in Hole Punch!,"📸 Want to upgrade your vehicle with a 360° panoramic camera system? In this video, we’ll walk you through the complete mirror-mounted camera installation using the 360 Camera Installation Tool Kit — perfect for both DIY enthusiasts and pros!

Learn how to precisely mount a 360-degree camera on your car’s mirror to enhance safety and visibility.",ViaBecs Expert,"[""360 camera installation"", ""car mirror camera mount"", ""how to install 360 car camera"", ""car camera installation tutorial"", ""vehicle 360 camera system"", ""diy car camera install"", ""install 360 dash cam"", ""360 camera car install"", ""car 360 camera installation"", ""how to install a 360° car camera system"", ""car 360° camera installation"", ""car camera installation"", ""360 camera install"", ""360 car view"", ""surround view camera"", ""car mirror camera"", ""hole punch tool"", ""install 360 camera"", ""360 degree view""]",19630182,88567.44146124087,1,31,2025-11-04T06:51:22Z,2,Autos & Vehicles,[],[],"[""360 camera car install"", ""360 camera install"", ""360 camera installation"", ""360 car view"", ""360 degree view"", ""car 360 camera installation"", ""car 360° camera installation"", ""car camera installation"", ""car camera installation tutorial"", ""car mirror camera"", ""car mirror camera mount"", ""diy car camera install"", ""hole punch tool"", ""how to install 360 car camera"", ""how to install a 360° car camera system"", ""install 360 camera"", ""install 360 dash cam"", ""surround view camera"", ""vehicle 360 camera system""]",[]
Hqjls4gPGkY,Чуть не нарвался 😲#riga #latvija #automobile  #prank #giftideas,,printie,[],2260529,12112.268888840403,1,57,2025-11-05T17:51:57Z,2,Autos & Vehicles,"[""automobile"", ""riga"", ""prank"", ""latvija"", ""giftideas""]",[],[],"[""automobile"", ""giftideas"", ""latvija"", ""prank"", ""riga""]"
EQJGyLzQvos,Грязная машина быстрее и экономичнее чистой,,Легенды,[],1023780,14733.189459137366,1,58,2025-11-10T15:00:33Z,2,Autos & Vehicles,[],[],[],[]
AusSS1oAmOQ,Почему М5 Такая Слабая inst black serviсe,Самое интересное из Автомира,DOROGA SHORTS,"[""авто"", ""машина""]",539338,8111.334133620223,1,30,2025-11-10T18:00:19Z,2,Autos & Vehicles,[],[],"[""авто"", ""машина""]",[]
-ui0S9HbN6k,Новая машина Шумахера,,ПРЕМИЯ ДАРВИНА,[],983102,12851.574358261545,0,76,2025-11-10T08:00:02Z,2,Autos & Vehicles,[],[],[],[]
V8a2Oy18J6c,Переехал мотоцикл байкеру😱😱😱,"I apologize if I used your video without proper permission. Please contact me at mistereight8888@proton.me to resolve any copyright concerns. Thank you for your understanding!

Copyright Disclaimer Under Section 107 of the Copyright Act 1976, allowance is made for ""fair use"" for purposes such as criticism, commenting, Entertainment, news reporting, teaching, scholarship, sports, and research. Fair use is a use permitted by copyright statutes that might otherwise be infringing. Non-profit, educational, or personal use tips the balance in favor of fair use.",ЗаРулем,"[""крайм"", ""копы"", ""дтп"", ""мабой"", ""байкеры"", ""зарулем"", ""тру крайм"", ""аварии"", ""аварии на дороге"", ""ситуации на дороге"", ""мото"", ""авто"", ""интересное"", ""подборка"", ""подборка дтп"", ""неправильная парковка"", ""видеорегистратор"", ""полиция"", ""арест"", ""трукрайм""]",872271,19213.625161991953,1,23,2025-11-11T15:05:55Z,2,Autos & Vehicles,[],[],"[""аварии"", ""аварии на дороге"", ""авто"", ""арест"", ""байкеры"", ""видеорегистратор"", ""дтп"", ""зарулем"", ""интересное"", ""копы"", ""крайм"", ""мабой"", ""мото"", ""неправильная парковка"", ""подборка"", ""подборка дтп"", ""полиция"", ""ситуации на дороге"", ""тру крайм"", ""трукрайм""]",[]
AJWLqyAkziU,"Показал Жене, Где Настоящий Тормоз 😂🚗💨","Copyright Notice: In accordance with Section 107 of the Copyright Act of 1976, this material is used under the 'fair use' provision for activities such as criticism, commentary, news reporting, teaching, scholarship, and research.

Если вы считаете, что видео на этом канале нарушает Ваши авторские права, напишите нам на почту: aziyakarta@gmail.com и мы ответим Вам в течение 24 часов. Видео будет удалено с канала или мы Вас отметим (как Вы посчитаете нужным).

If you are the owner of copyright and have discovered that your material has been used without your permission, or if you wish to request the removal of content for another reason, please write to us at our official email address: aziyakarta@gmail.com",Pivas Stories | Ржачные Видео Со Всего Мира,[],1114412,9097.780659733902,1,20,2025-11-08T10:00:16Z,2,Autos & Vehicles,[],[],[],[]
kAYXFwQxm_M,Этот момент должны показывать в автошколах 🚦,,FilmBytes,[],545982,24025.65990572644,1,21,2025-11-12T13:46:20Z,2,Autos & Vehicles,[],[],[],[]
ioakFQ1Mnh8,Теперь об отчете думают больше чем о машине 😊,,Суворкин Сергей,[],1088718,6507.256883291546,0,74,2025-11-06T13:11:20Z,2,Autos & Vehicles,[],[],[],[]
90qwYzwbB00,Запуск! 8ми-Цилиндрового Немецкого Уголька! #авторазборка #запуск #некромантия #bmw #n62 #v8 #уголёк,Текстовое описание ролика и не только: https://t.me/razband_yt,Авторазборка,[],2225151,11711.632130429276,0,90,2025-11-05T14:30:08Z,2,Autos & Vehicles,"[""уголёк"", ""n62"", ""bmw"", ""авторазборка"", ""v8"", ""некромантия"", ""запуск""]",[],[],"[""bmw"", ""n62"", ""v8"", ""авторазборка"", ""запуск"", ""некромантия"", ""уголёк""]"
SaLv7eq3UsE,Богатые водители - ПОЗОР😱 #авто #юмор,"Все материалы в данном видео используются в ознакомительных и образовательных целях для обсуждения с аудиторией. Представленные действия выполняются профессионалами на специально оборудованных площадках. Не повторяйте показанное — это может быть опасно для жизни и здоровья. 
Мы не имеем цели нарушать чьи-либо авторские права и полагаем, что использование соответствует принципам добросовестного использования (fair use). Спасибо за ваше понимание.",Сarautoshorts,[],2718365,12767.424725448534,1,32,2025-11-04T15:34:59Z,2,Autos & Vehicles,"[""юмор"", ""авто""]",[],[],"[""авто"", ""юмор""]"
07I1Lz_8G7k,"Не поверишь, кто виноват в этой аварии🤣 #shorts","Согласно разделу 107 Закона об авторском праве США от 1976 года, материалы на этом канале могут использоваться в образовательных, аналитических, информационных и исследовательских целях, подпадая под категорию добросовестного использования.

Если вы считаете, что какое-либо видео нарушает ваши авторские права, свяжитесь с нами по адресу: mklife174@gmail.com. Мы обязательно рассмотрим обращение в течение суток и примем соответствующие меры: удалим контент либо добавим ссылку на вас — как вы предпочтёте",Road Losers,"[""автолюбители"", ""автохам"", ""дтп"", ""аварии"", ""видеорегистратор""]",556261,6163.7686584066105,1,16,2025-11-09T18:15:01Z,2,Autos & Vehicles,"[""shorts""]",[],"[""аварии"", ""автолюбители"", ""автохам"", ""видеорегистратор"", ""дтп""]","[""shorts""]"
wNi2WjmQoVU,Машина едет как паровоз,,Vlad Timoha ,[],1672066,9760.503637016289,0,93,2025-11-06T09:11:16Z,2,Autos & Vehicles,[],[],[],[]
bZsxDjyLm74,ЗАТО КРАСИВО @s e service,,KINO KAIF ,[],355923,8899.135976250136,1,23,2025-11-11T20:30:07Z,2,Autos & Vehicles,[],[],[],[]
0Iq5MszkURU,А ты как игнорируешь такой неприятный звук? #импорт #бмв #мерседес #автообзоры #юмор,,КАРБЕРИ,[],1039778,6010.375583884371,1,17,2025-11-06T07:30:00Z,2,Autos & Vehicles,"[""мерседес"", ""импорт"", ""юмор"", ""автообзоры"", ""бмв""]",[],[],"[""автообзоры"", ""бмв"", ""импорт"", ""мерседес"", ""юмор""]"
LGGCOuY_TQk,Чуть не попал в аварию из-за покрышек😳🛞🚗,"СREDIT: @west_boys_life  on IG
Контент  используется на основании принципа добросовестного использования (раздел 107 Закона об авторском праве 1976 года) — для критики, комментариев, новостей, обучения и исследований.
Если вы хотите, чтобы мы указали вас как автора или удалили видео — напишите в Telegram: @media_fabrik или на почту marina.rp277@gmail.com — ответим в течение 24 часов.

This content is used under the Fair Use policy (Section 107 of the Copyright Act of 1976) for purposes such as criticism, commentary, news reporting, teaching, and research.
If you wish to be credited or request removal, contact us via Telegram @media_fabrik or email marina.rp277@gmail.com — we’ll respond within 24", Shorts Factory,[],1031880,7382.145109154329,1,16,2025-11-07T16:43:00Z,2,Autos & Vehicles,[],[],[],[]
gANXl2MZ638,Водители в бешенстве от коробки передач 😱,"Водители просто в бешенстве от современных коробок передач! Они все стали настолько сложные, что сразу не ясно, как заставить машину ехать.",Авто.Бот,[],527820,8114.418428564898,1,37,2025-11-10T19:27:00Z,2,Autos & Vehicles,[],[],[],[]
f4iG7GOekL0,Испортил лобовое стекло зажигалкой,"Испортил лобовое стекло в машине! Мужчина снаружи облокотился предплечьем на стекло и спокойно разговаривал, но человеку внутри это явно не понравилось. Он достал зажигалку и начал греть стекло прямо под рукой. Из-за локального перегрева в триплексе появилось мутное пятно и теперь его не восстановить.",ЛАЙФСТОРИ,"[""испортил лобовое стекло зажигалкой"", ""лобовое стекло"", ""испортил стекло"", ""зажигалка и стекло"", ""треснуло стекло"", ""триплекс"", ""перегрев стекла"", ""нагрел стекло"", ""автомобиль"", ""машина"", ""автоновости"", ""стекло треснуло"", ""перегрев"", ""лобовое пятно"", ""реальный случай"", ""испортил лобовое"", ""повредил стекло"", ""зажигалка"", ""пранк"", ""неудачный пранк"", ""прикол не удался"", ""хотел пошутить"", ""шутка с машиной"", ""пранк над другом"", ""странный пранк"", ""смешно и страшно"", ""пошутил и поплатился"", ""шутка закончилась плохо"", ""перебор"", ""хотел напугать""]",939969,8374.845459208505,1,13,2025-11-08T20:15:36Z,2,Autos & Vehicles,[],[],"[""автомобиль"", ""автоновости"", ""зажигалка"", ""зажигалка и стекло"", ""испортил лобовое"", ""испортил лобовое стекло зажигалкой"", ""испортил стекло"", ""лобовое пятно"", ""лобовое стекло"", ""машина"", ""нагрел стекло"", ""неудачный пранк"", ""перебор"", ""перегрев"", ""перегрев стекла"", ""повредил стекло"", ""пошутил и поплатился"", ""пранк"", ""пранк над другом"", ""прикол не удался"", ""реальный случай"", ""смешно и страшно"", ""стекло треснуло"", ""странный пранк"", ""треснуло стекло"", ""триплекс"", ""хотел напугать"", ""хотел пошутить"", ""шутка закончилась плохо"", ""шутка с машиной""]",[]
dDMSEeJwRz0,Creative one 😂💡🚛 9999hulk25 #truckingjobs #automobile #funny #smile #ets2 #lkw #camion #hgv #lorry,"📢Be sure to check out 9999hulk25
📢 Disclaimer:
This short is not meant to discriminate 🙅, mock , or judge anyone ⚖️. It shows real-life traffic situations 🚗💥 we may face every day. The content reflects no personal opinions .
This channel shows a truck driver's daily life 🚛 in international transport 🌍 — real moments from the road and our work 💪.
See for yourself what life on the road looks like 👀🛣️",Dorothy Lech,[],1307673,19379.16720661443,1,14,2025-11-10T17:01:08Z,2,Autos & Vehicles,"[""automobile"", ""funny"", ""smile"", ""hgv"", ""truckingjobs"", ""camion"", ""lorry"", ""ets2"", ""lkw""]",[],[],"[""automobile"", ""camion"", ""ets2"", ""funny"", ""hgv"", ""lkw"", ""lorry"", ""smile"", ""truckingjobs""]"
BXBzXYYwmDo,"🌟 Маленький насос, большие возможности! 🚗","Это видео создано для развлекательных целей. Мы не даем никаких гарантий относительно полноты, безопасности и надежности представленной в нем информации. Любые действия, предпринимаемые вами на основе информации из данного видео, выполняются исключительно на ваш страх и риск, и мы не несем ответственности за любые повреждения или убытки. Зритель обязан использовать критическое мышление и принимать меры предосторожности, если он планирует повторить увиденное. 

В данном видео могут быть показаны действия наших актеров в контролируемой обстановке. Пожалуйста, будьте разумны, аккуратны и принимайте меры предосторожности, если планируете повторить эти действия.

Названия всех продуктов и компаний, показанные в данном видео, являются товарными знаками™ или зарегистрированными® товарными знаками соответствующих владельцев. Их использование не подразумевает какой-либо аффилированности с ними или поддержки с их стороны.

Музыка: Epidemic Sound https://www.epidemicsound.com/

ПОДПИШИСЬ НА НАШ КАНАЛ Бери и делай: Своими руками https://bit.ly/32Jxd8I

Стоковые материалы: 

https://www.depositphotos.com

https://www.shutterstock.com",Бери и делай: Своими руками,"[""diy"", ""активность"", ""бери и делай"", ""бери и делай девочки"", ""вирусные трюки"", ""девочкам"", ""красивые фокусы"", ""лайфхаки"", ""полезные вещи"", ""проекты"", ""простые проекты"", ""самоделки"", ""сделай сам"", ""сделай сам проекты"", ""советы"", ""фокусы""]",2182571,7644.949005697682,1,20,2025-11-01T15:00:19Z,2,Autos & Vehicles,[],[],"[""diy"", ""активность"", ""бери и делай"", ""бери и делай девочки"", ""вирусные трюки"", ""девочкам"", ""красивые фокусы"", ""лайфхаки"", ""полезные вещи"", ""проекты"", ""простые проекты"", ""самоделки"", ""сделай сам"", ""сделай сам проекты"", ""советы"", ""фокусы""]",[]
2xHN_VAH-98,Bike vs Car vs Jet — The Craziest Race Ever! 😱,"When the boys said, “Let’s race,” no one expected this lineup! 🔥 Kawasaki H2R, F1 car, F16 fighter jet, Lamborghini, Audi, Mercedes, and even a private jet — all in one insane battle of raw power and speed! ⚙️

💨 Watch the Madness Unfold:
• Bike, car, and jet — all pushing their limits 🏍️✈️
• Kawasaki H2R’s turbocharged beast mode unleashed 💥
• The aerodynamics of F1 vs the thrust of F16 🔧
• Lamborghini, Audi, and Mercedes showing luxury speed 💎
• One race, one question — who truly owns the sky and road? 🌍

👉 Subscribe to @GulbaharTechnical for more crazy comparisons and speed stories that redefine limits!

Via: Redbull 

Kawasaki H2R vs F1, F16 vs Lamborghini race, fastest machine race, superbike vs jet, private jet vs car, ultimate speed showdown
#KawasakiH2R #F1 #F16 #Lamborghini #SpeedTest #LuxuryCars #Superbike #JetRace #GulbaharTechnical",Gulbahar Technical,"[""kawasaki h2r vs f1"", ""f1 vs f16"", ""kawasaki ninja h2r speed"", ""fastest bike in the world"", ""lamborghini race"", ""audi vs mercedes vs jet"", ""private jet race"", ""bike vs car vs jet"", ""ultimate speed battle"", ""drag race 2025"", ""fastest vehicles comparison""]",8855474,94848.22764004547,1,14,2025-11-09T15:07:57Z,2,Autos & Vehicles,"[""f1"", ""kawasakih2r"", ""superbike"", ""luxurycars"", ""gulbahartechnical"", ""speedtest"", ""lamborghini"", ""f16"", ""jetrace""]",[],"[""audi vs mercedes vs jet"", ""bike vs car vs jet"", ""drag race 2025"", ""f1 vs f16"", ""fastest bike in the world"", ""fastest vehicles comparison"", ""kawasaki h2r vs f1"", ""kawasaki ninja h2r speed"", ""lamborghini race"", ""private jet race"", ""ultimate speed battle""]","[""f1"", ""f16"", ""gulbahartechnical"", ""jetrace"", ""kawasakih2r"", ""lamborghini"", ""luxurycars"", ""speedtest"", ""superbike""]"
HSwwHwcqDPg,Мы раскрываем хитрость дизайна в китайских автомобилях…,,КАТЯ KOMUKOTA,[],584874,3039.4826725285343,1,15,2025-11-05T12:04:18Z,2,Autos & Vehicles,[],[],[],[]
t5AYhPLr5CQ,New Car Accessory that gives pure AIRPLANE vibes 😉,"Ever wanted your car to feel like a jet cockpit? 😎🔥

This new car accessory replaces your regular accelerator pedal with a realistic airplane-style thrust lever — complete with a satisfying pull and click sound! 🛫
Every acceleration suddenly feels like takeoff mode engaged 😂💨

Perfect for aviation lovers and speed enthusiasts alike!

📜 Disclaimer:
This video is made for educational and informational purposes. Some content used (images, clips, music) may be copyright-protected and is used under fair use for commentary, research, or news reporting. We do not claim ownership of third-party materials.",MRKAY,[],6742808,23396.73516261497,1,12,2025-11-01T12:18:10Z,2,Autos & Vehicles,[],[],[],[]
JVYU2VNEJvQ,2025 LADA VESTA SPORTLINE запуск #lada #vesta #automobile #short #shorts,,MegaRetr,[],197832,4326.355118708115,1,18,2025-11-11T14:46:12Z,2,Autos & Vehicles,"[""automobile"", ""shorts"", ""short"", ""lada"", ""vesta""]",[],[],"[""automobile"", ""lada"", ""short"", ""shorts"", ""vesta""]"
WWhya2zyK4U,Необычные фишки Scania 460S удивят всех! #aleksey_mercedes,"А вы какой ТЯГАЧ любите больше всего?

Телеграм: @aleksey_mercedes - тут подробно",ALEKSEY MERCEDES,"[""aleksey_mercedes"", ""alekseymercedes"", ""alexey_mercedes"", ""алексеймерседес"", ""maybach"", ""майбах"", ""mercedes"", ""mercedesbenz"", ""mercedes-benz"", ""amg"", ""amg63"", ""амг"", ""g63"", ""g63amg"", ""алексей_мерседес"", ""geländewagen"", ""gelendwagen"", ""фатальная ошибка"", ""хейтеры люблю вас"", ""хейтеры"", ""тягач"", ""седельный тягач"", ""scania truck driving simulator"", ""scania 2025"", ""scania"", ""scania v8""]",293100,11063.064039131783,1,52,2025-11-12T10:00:13Z,2,Autos & Vehicles,"[""aleksey_mercedes""]","[""aleksey_mercedes""]","[""alekseymercedes"", ""alexey_mercedes"", ""amg"", ""amg63"", ""g63"", ""g63amg"", ""gelendwagen"", ""geländewagen"", ""maybach"", ""mercedes"", ""mercedes-benz"", ""mercedesbenz"", ""scania"", ""scania 2025"", ""scania truck driving simulator"", ""scania v8"", ""алексей_мерседес"", ""алексеймерседес"", ""амг"", ""майбах"", ""седельный тягач"", ""тягач"", ""фатальная ошибка"", ""хейтеры"", ""хейтеры люблю вас""]",[]
u47wEujK9ZE,Полный обзор на автомобиль на канале,,Маша Сотникова,[],483098,3513.5405655092068,0,102,2025-11-07T19:00:04Z,2,Autos & Vehicles,[],[],[],[]
AajmR_qAv0k,Байкер и коробка.. 😶‍🌫️,"Этот байкер катался по району и нашел коробку, однако на выезде из лагеря его план чуть не провалился когда на пути появился подозрительный мужчина который не хотел было его пропускать пока не получит что-то взамен.
Тогда байкер быстро придумал хитрый ход. Мужчина согласился и даже дал байкеру пару советов.",POLICE-SHORTS,[],549992,10702.209648487476,1,38,2025-11-11T09:06:24Z,2,Autos & Vehicles,[],[],[],[]
WBQf55pcGwY,"KIA Carnival из Ю Кореи! Цена вас удивит, больше автомобилей в тг-канале, ссылка в описании профиля.",,ПРОАВТО,[],350935,6269.687219399741,1,60,2025-11-11T04:31:26Z,2,Autos & Vehicles,[],[],[],[]
eIlHXSsZxZk,Главное есть видеорегистратор... #duraki #shorts,"Copyright Notice: In accordance with Section 107 of the Copyright Act of 1976, this material is used under the 'fair use' provision for activities such as criticism, commentary, news reporting, teaching, scholarship, and research. 
If you are the owner of copyright and have discovered that your material has been used without your permission, or if you wish to request the removal of content for another reason, please write to us at our official email address: mklife94@mail.ru.
Если вы считаете, что видео на этом канале нарушает Ваши авторские права, напишите нам на почту: mklife94@mail.ru, и мы ответим Вам в течение 24 часов. Видео будет удалено с канала или мы Вас отметим (как Вы посчитаете нужным).",Дураки на дороге,"[""подборка"", ""дтп"", ""жесть"", ""аварии"", ""бмв"", ""приколы"", ""карма"", ""неадекваты"", ""мгновенная карма"", ""обочечник"", ""быдло"", ""погони"", ""сумашедсшие #подборка"", ""#дтп"", ""#жесть"", ""#аварии"", ""#бмв"", ""#приколы"", ""#карма"", ""#неадекваты"", ""#мгновенная карма"", ""#обочечник"", ""#быдло"", ""#погони"", ""#сумашедсшие"", ""дальнобойщики"", ""#дальнобойщики""]",998582,5189.956561965486,1,14,2025-11-05T12:05:26Z,2,Autos & Vehicles,"[""shorts"", ""duraki""]",[],"[""#аварии"", ""#бмв"", ""#быдло"", ""#дальнобойщики"", ""#дтп"", ""#жесть"", ""#карма"", ""#мгновенная карма"", ""#неадекваты"", ""#обочечник"", ""#погони"", ""#приколы"", ""#сумашедсшие"", ""аварии"", ""бмв"", ""быдло"", ""дальнобойщики"", ""дтп"", ""жесть"", ""карма"", ""мгновенная карма"", ""неадекваты"", ""обочечник"", ""погони"", ""подборка"", ""приколы"", ""сумашедсшие #подборка""]","[""duraki"", ""shorts""]"
TfgAaC49AhI,Машина собрана из металалома #дорога #город #автомобили #сборкаавто #сборка,,Андрей Васильевич,[],1911921,13115.06603084136,1,57,2025-11-07T10:43:00Z,2,Autos & Vehicles,"[""город"", ""сборка"", ""сборкаавто"", ""дорога"", ""автомобили""]",[],[],"[""автомобили"", ""город"", ""дорога"", ""сборка"", ""сборкаавто""]"
FxqeBYI_TXw,Qora jentra yedi #jentra #uzbekistan #automobile #shortvideo #youtubeshorts #uzbek #tashkent #short,,Pachoq moshinlar ,[],3695729,19420.68775410231,1,31,2025-11-05T14:11:55Z,2,Autos & Vehicles,"[""automobile"", ""uzbek"", ""shortvideo"", ""short"", ""youtubeshorts"", ""uzbekistan"", ""jentra"", ""tashkent""]",[],[],"[""automobile"", ""jentra"", ""short"", ""shortvideo"", ""tashkent"", ""uzbek"", ""uzbekistan"", ""youtubeshorts""]"
a488N1JjQ4o,#мото #мотоцикл #приколы #fyp,,Tank Senko,[],885273,4575.121044990796,0,69,2025-11-05T11:00:00Z,2,Autos & Vehicles,"[""мото"", ""приколы"", ""мотоцикл"", ""fyp""]",[],[],"[""fyp"", ""мото"", ""мотоцикл"", ""приколы""]"
FEbnJPnihls,Поставил пороги на ниву и приборную панель с ваз 2110 😄,,bezumnyy_alex,[],170745,8279.567774761868,1,46,2025-11-12T15:52:29Z,2,Autos & Vehicles,[],[],[],[]
aNrywTl-NpY,Лучшая коробка в мире,"Koenigsegg создал то, что невозможно было представить — трансмиссию, которая может быть и механикой с педалью сцепления, и полноценным автоматом одновременно.
Ты можешь сам переключать передачи и даже заглохнуть… а можешь просто воткнуть «D» и ехать, как обычно.
Это — Engage Shift System, уникальная разработка Koenigsegg, и стоит она 3,6 миллиона долларов.
Стоит ли она того — решать тебе.

#Koenigsegg #CC850 #Supercars #EngageShiftSystem #ManualTransmission #Automatic #CarTech #Engineering #Hypercar #CarContent #Automotive #KoenigseggCC850 #TechInnovation #CarFacts #MindFilmCars #MarkMind #CarShorts",Mark Mind,[],2144990,8737.340550836127,1,30,2025-11-03T07:00:01Z,2,Autos & Vehicles,"[""engageshiftsystem"", ""carcontent"", ""supercars"", ""carfacts"", ""techinnovation"", ""engineering"", ""markmind"", ""koenigseggcc850"", ""cc850"", ""carshorts"", ""cartech"", ""manualtransmission"", ""automatic"", ""hypercar"", ""koenigsegg"", ""automotive"", ""mindfilmcars""]",[],[],"[""automatic"", ""automotive"", ""carcontent"", ""carfacts"", ""carshorts"", ""cartech"", ""cc850"", ""engageshiftsystem"", ""engineering"", ""hypercar"", ""koenigsegg"", ""koenigseggcc850"", ""manualtransmission"", ""markmind"", ""mindfilmcars"", ""supercars"", ""techinnovation""]"
A-pJmxp7UN8,Нашли и запустили немецкий Запорожец🔥,"Реклама ООО ""Амаяма Авто"". Erid:2W5zFGSpHse",IGORIAN TODAY,[],363750,14407.07668065365,0,75,2025-11-12T11:14:57Z,2,Autos & Vehicles,[],[],[],[]
XMr0zWcQoD8,Damas malibu bar qoyish … #balon #automobile #damas #detailing #gm #rek #remont #top #tuning #car,,AvtoZamok ,[],1122800,15790.372262178533,1,50,2025-11-10T13:23:26Z,2,Autos & Vehicles,"[""automobile"", ""top"", ""detailing"", ""rek"", ""damas"", ""remont"", ""car"", ""gm"", ""balon"", ""tuning""]",[],[],"[""automobile"", ""balon"", ""car"", ""damas"", ""detailing"", ""gm"", ""rek"", ""remont"", ""top"", ""tuning""]"
OPdHywkI6wk,😱ПОСАДИЛИ В ТЮРЬМУ ЗА ДРИФТ #wengalbi #mercedes #cls #1000hp,,Dushenov,[],371913,3828.838650032988,1,53,2025-11-09T11:21:45Z,2,Autos & Vehicles,"[""mercedes"", ""wengalbi"", ""1000hp"", ""cls""]",[],[],"[""1000hp"", ""cls"", ""mercedes"", ""wengalbi""]"
8sPTJuZYCiE,ЭtО LADA Largus CNG | #ТаКоЙоБзОр,Обзор самой ТОПовой комплектации автомобиля Лада Ларгус с газовым оборудованием.,KhaDm,"[""ларгус на метане"", ""ларгус на газу"", ""ларгу снг"", ""обзор автомобиля лада ларгус"", ""лада ларгус cng обзор""]",159490,6876.311756852257,1,43,2025-11-12T13:18:11Z,2,Autos & Vehicles,"[""такойобзор""]",[],"[""лада ларгус cng обзор"", ""ларгу снг"", ""ларгус на газу"", ""ларгус на метане"", ""обзор автомобиля лада ларгус""]","[""такойобзор""]"
PTM_GgWxA-M,Then why the hell do you need a shock absorber?,,Best Mechanics Around the World,[],14955398,50989.920642353165,1,54,2025-11-01T07:11:46Z,2,Autos & Vehicles,[],[],[],[]
2dhzRBtbvII,"Машина, которую ПЕРЕДАЮТ по наследству! #авто #машина #автоизяпонии","🔥 Получите бесплатный расчёт стоимости авто под ключ для себя по ссылке в описании канала

Всем привет! С вами команда DI AUTO TRADING: за 5 лет работы мы отправили более 5 000 автомобилей на экспорт.  

В этом видео мы разберём автомобиль, который покупают один раз — и потом передают по наследству внукам. Вы поймете, почему некоторые машины с пробегом становятся легендарными, чем они отличаются по надёжности, сборке и ресурсу, и почему даже спустя годы они сохраняют цену и характер. Мы обсудим, какие модели можно считать «вечными», что делает авто по-настоящему долговечным и как выбрать подержанную машину, которая прослужит десятилетия.

Смотрите видео, чтобы узнать!

Ставьте лайк и подписывайтесь на канал! Здесь вы найдёте выпуски с ценами, обзорами на автомобили, тест-драйвами и актуальными новостями из мира авто.

#авто #автомобиль #машина #диавто #diauto #автоизкореи #автоизкитая #автоизяпонии #toyota #toyotacorolla",DI AUTO – Авто со всего мира,"[""тойота королла"", ""corolla"", ""японские автомобили"", ""toyota"", ""toyota corolla"", ""покупка авто с пробегом"", ""пробег авто"", ""подержанные авто"", ""надежный автомобиль"", ""лучшая машина"", ""как выбрать машину"", ""подбор авто из кореи"", ""авто из японии"", ""авто"", ""авто под заказ из кореи"", ""купить авто"", ""автомобиль"", ""купить машину"", ""доставка машин из китая"", ""автомобили из китая"", ""заказ авто из японии"", ""доставка авто из китая"", ""автоподбор"", ""автообзор"", ""машина"", ""автомобили"", ""ди авто"", ""di auto trading"", ""di auto"", ""авто из китая"", ""автозаказ""]",339731,3414.516965266087,1,40,2025-11-09T09:00:04Z,2,Autos & Vehicles,"[""автомобиль"", ""авто"", ""diauto"", ""toyota"", ""toyotacorolla"", ""диавто"", ""автоизяпонии"", ""автоизкитая"", ""машина"", ""автоизкореи""]","[""toyota"", ""авто"", ""автомобиль"", ""машина""]","[""corolla"", ""di auto"", ""di auto trading"", ""toyota corolla"", ""авто из китая"", ""авто из японии"", ""авто под заказ из кореи"", ""автозаказ"", ""автомобили"", ""автомобили из китая"", ""автообзор"", ""автоподбор"", ""ди авто"", ""доставка авто из китая"", ""доставка машин из китая"", ""заказ авто из японии"", ""как выбрать машину"", ""купить авто"", ""купить машину"", ""лучшая машина"", ""надежный автомобиль"", ""подбор авто из кореи"", ""подержанные авто"", ""покупка авто с пробегом"", ""пробег авто"", ""тойота королла"", ""японские автомобили""]","[""diauto"", ""toyotacorolla"", ""автоизкитая"", ""автоизкореи"", ""автоизяпонии"", ""диавто""]"
DGf-ScS5pO4,Harley-davidson #motorcycle #harleydavidson #cruisermotorcycle #usa #motorcycleaddict #shorts #rider,"The Harley-Davidson V-Rod Red is not just a motorcycle — it’s pure power on two wheels! 🖤 With its aggressive matte black finish, muscular frame, and the legendary Revolution engine, this V-Rod dominates the streets with unmatched attitude. 💨 Feel the thunder, the torque, and the raw Harley soul every time the throttle opens. This is more than a bike — it’s a lifestyle, a statement, and a legacy that never fades.🔥
Subscribe to Turbo Drive Avenue for more epic superbike shorts! 🏍️




#HarleyDavidson #HarleyVRod #VRodRed #HarleyBeast #HarleyPower #HarleyMuscle #HarleyAddict #HarleyFans #HarleyLovers #HarleyPerformance #HarleyCruiser #HarleyClassic #HarleyMachine #HarleyIcon #HarleySound #HarleyThunder #HarleyDreamBike #HarleyLifestyle #HarleyRiders #HarleyShowcase #HarleyReview #HarleyWalkaround #HarleyStreetPower #HarleyFreedom #HarleyCommunity #HarleyForever #HarleyKing #HarleyLegend #HarleyTorque #HarleyWorld #HarleyCustomization #HarleyLove #HarleyPassion #MotorcycleShorts #BikeShorts #TurboDriveAvenue #MotorcycleAddict #MotorcycleFans #MotorcycleLife #BikePassion #MotorcycleCommunity #HarleySuperbike #AmericanMuscle #HarleyRevolution #HarleyCustomization2025 #HarleyPerformanceMachine #HarleyTorqueBeast #RideWithFreedom #HarleyClassicDesign #HarleyPowerMachine #LiveToRide #HarleyBlackEdition",Turbo Drive Avenue,"[""harley-davidson"", ""harley-davidson m8"", ""new harley-davidson"", ""harley-davidson evo"", ""harley-davidson ceo"", ""harley-davidson bike"", ""2025 harley-davidson"", ""harley-davidson dyna"", ""harley-davidson price"", ""harley-davidson model"", ""harley-davidson dealer"", ""harley-davidson fat bob"", ""harley-davidson models"", ""harley-davidson fat boy"", ""harley-davidson twin cam"", ""harley-davidson decline"", ""harley-davidson breakout"", ""harley-davidson road king"", ""harley-davidson sportster"", ""harley-davidson street 500""]",1490074,9284.467052542357,1,13,2025-11-06T20:00:22Z,2,Autos & Vehicles,"[""harleyfreedom"", ""harleylifestyle"", ""harleywalkaround"", ""harleylegend"", ""shorts"", ""harleycommunity"", ""harleysound"", ""harleylove"", ""harleyblackedition"", ""harleypassion"", ""harleyaddict"", ""motorcycleaddict"", ""harleystreetpower"", ""turbodriveavenue"", ""harleyking"", ""harleyworld"", ""harleytorque"", ""motorcyclecommunity"", ""harleydavidson"", ""harleypowermachine"", ""harleyreview"", ""harleylovers"", ""vrodred"", ""harleydreambike"", ""harleyforever"", ""harleyperformance"", ""harleyperformancemachine"", ""livetoride"", ""motorcyclefans"", ""americanmuscle"", ""harleypower"", ""harleyfans"", ""harleycustomization2025"", ""ridewithfreedom"", ""harleycruiser"", ""harleyvrod"", ""harleybeast"", ""bikepassion"", ""harleymuscle"", ""harleyshowcase"", ""harleyriders"", ""usa"", ""motorcycle"", ""rider"", ""harleytorquebeast"", ""harleycustomization"", ""harleyicon"", ""harleyclassicdesign"", ""motorcyclelife"", ""bikeshorts"", ""harleymachine"", ""cruisermotorcycle"", ""harleythunder"", ""motorcycleshorts"", ""harleysuperbike"", ""harleyrevolution"", ""harleyclassic""]",[],"[""2025 harley-davidson"", ""harley-davidson"", ""harley-davidson bike"", ""harley-davidson breakout"", ""harley-davidson ceo"", ""harley-davidson dealer"", ""harley-davidson decline"", ""harley-davidson dyna"", ""harley-davidson evo"", ""harley-davidson fat bob"", ""harley-davidson fat boy"", ""harley-davidson m8"", ""harley-davidson model"", ""harley-davidson models"", ""harley-davidson price"", ""harley-davidson road king"", ""harley-davidson sportster"", ""harley-davidson street 500"", ""harley-davidson twin cam"", ""new harley-davidson""]","[""americanmuscle"", ""bikepassion"", ""bikeshorts"", ""cruisermotorcycle"", ""harleyaddict"", ""harleybeast"", ""harleyblackedition"", ""harleyclassic"", ""harleyclassicdesign"", ""harleycommunity"", ""harleycruiser"", ""harleycustomization"", ""harleycustomization2025"", ""harleydavidson"", ""harleydreambike"", ""harleyfans"", ""harleyforever"", ""harleyfreedom"", ""harleyicon"", ""harleyking"", ""harleylegend"", ""harleylifestyle"", ""harleylove"", ""harleylovers"", ""harleymachine"", ""harleymuscle"", ""harleypassion"", ""harleyperformance"", ""harleyperformancemachine"", ""harleypower"", ""harleypowermachine"", ""harleyreview"", ""harleyrevolution"", ""harleyriders"", ""harleyshowcase"", ""harleysound"", ""harleystreetpower"", ""harleysuperbike"", ""harleythunder"", ""harleytorque"", ""harleytorquebeast"", ""harleyvrod"", ""harleywalkaround"", ""harleyworld"", ""livetoride"", ""motorcycle"", ""motorcycleaddict"", ""motorcyclecommunity"", ""motorcyclefans"", ""motorcyclelife"", ""motorcycleshorts"", ""rider"", ""ridewithfreedom"", ""shorts"", ""turbodriveavenue"", ""usa"", ""vrodred""]"
gQZ4yEl65Dw,И это уже машине много лет 😝😁🤔 Inst: p4ha.ha,"Inst: p4ha.ha

Если вы считаете, что видео на этом канале нарушает Ваши авторские права, напишите нам в телеграмм @gangoneog, и мы ответим Вам в течение 24 часов. Видео будет удалено с канала или мы Вас отметим (как Вы посчитаете нужным).

Copyright Notice: In accordance with Section 107 of the Copyright Act of 1976, this material is used under the 'fair use' provision for activities such as criticism, commentary, news reporting, teaching, scholarship, and research.
If you are the owner of copyright and have discovered that your material has been used without your permission, or if you wish to request the removal of content for another reason, please write to us at our official address Telegram @gangoneog",ВОЛГАЧ ,[],118600,5042.229261966408,1,17,2025-11-12T12:58:33Z,2,Autos & Vehicles,[],[],[],[]
MjQgw4-X2ec,"Представь, что ты миллиардер и пришёл в автосалон, твои действия?",,Апгрейд Мотивация,[],234789,11456.407988065652,0,61,2025-11-12T16:00:11Z,2,Autos & Vehicles,[],[],[],[]
uXFZ-9Lhw24,Легендарный Porsche с самым БОЛЬШИМ пробегом!🤯,Легендарный Porsche с самым БОЛЬШИМ пробегом!🤯 #авто #факты #porsche,ANATA CARS,[],1573395,7267.023359062422,1,56,2025-11-04T11:59:08Z,2,Autos & Vehicles,"[""факты"", ""porsche"", ""авто""]",[],[],"[""porsche"", ""авто"", ""факты""]"
O2_U4z8OwDQ,#мыслибогатых #automobile #мотивацияивдохновение #успех #сильныесловасосмыслом,,Мысли богатых,[],1502036,5720.015191545677,1,33,2025-11-02T13:54:15Z,2,Autos & Vehicles,"[""automobile"", ""мотивацияивдохновение"", ""успех"", ""сильныесловасосмыслом"", ""мыслибогатых""]",[],[],"[""automobile"", ""мотивацияивдохновение"", ""мыслибогатых"", ""сильныесловасосмыслом"", ""успех""]"
llB-QUfwnt4,cops with good eyes 😭 #carin4k,"#cars #carmemes 

respected credit owner @NykoGt",CAR.IN.4K,"[""cars"", ""carmemes"", ""car culture"", ""car lover"", ""car guys"", ""super cars"", ""jdm"", ""sport cars"", ""automobile""]",3468906,14401.92088425629,1,16,2025-11-03T11:37:59Z,2,Autos & Vehicles,"[""carin4k"", ""cars"", ""carmemes""]","[""carmemes"", ""cars""]","[""automobile"", ""car culture"", ""car guys"", ""car lover"", ""jdm"", ""sport cars"", ""super cars""]","[""carin4k""]"
wrSCs0PYM1o,Он поехал с горы на машине 🗻❄️🚗,"Copyright Notice: In accordance with Section 107 of the Copyright Act of 1976, this material is used under the 'fair use' provision for activities such as criticism, commentary, news reporting, teaching, scholarship, and research. 

If you are the owner of copyright and have discovered that your material has been used without your permission, or if you wish to request the removal of content for another reason, please write to us at our official email address: dad33dads@gmail.com.

Если вы считаете, что видео на этом канале нарушает Ваши авторские права, напишите нам на почту: dad33dads@gmail.com, и мы ответим Вам в течение 24 часов. Видео будет удалено с канала или мы Вас отметим (как Вы посчитаете нужным).",Kruzak Shorts | Лучшие Авто Видео со всей России,[],1996138,7498.250216394498,1,37,2025-11-02T10:17:00Z,2,Autos & Vehicles,[],[],[],[]
2OHDvLqXQnk,Запуск двигателя после долгого простоя 😉Прошлые разы акум садился в ноль за 10 дней!,"Запуск двигателя после долгого простоя 😉

Прошлые разы акум садился в ноль за 10 дней!

Всему виной были подключенные через перемычку доводчики стекол.....

Подпишись @aleksdi_official у меня много полезного ✔️ 

По сотрудничеству 👉 aleksdi66@mail.ru",Aleksdi_official,[],180154,3993.959202144306,1,57,2025-11-11T15:23:26Z,2,Autos & Vehicles,[],[],[],[]
aU-wk_f2zDs,Вертолет из ВАЗ-2106 летит и не жжужит!!!,Чудо инженер сварганил в гараже новую модель вертолета,АНДРЕЙ ЧЕРЕПАНОВ,[],1969139,8978.066704489323,1,16,2025-11-04T09:10:10Z,2,Autos & Vehicles,[],[],[],[]
3SiUqBkfaK0,Это что за машина-покемон?,,ЛИСА РУЛИТ ФАН-КЛУБ,[],127433,2783.8178812962515,1,20,2025-11-11T14:43:15Z,2,Autos & Vehicles,[],[],[],[]
gy71n6YLDek,"Я ХОТЕЛ ""ГОРОДСКОЙ"" МОТОР К СЕЗОНУ И ПОТЕРЯЛ 1М РУБЛЕЙ. AUDI S4.","Начните проходить бесплатную вводную часть любого курса от Яндекс Практикума и получите скидку 20% на самые большие перемены в жизни https://ya.cc/t/GLKew00Z7xPFQH

Бытовая техника Tuvio от Яндекс Фабрики с фирменной гарантией и по доступной цене: https://bit.ly/43ZBINk

Телеграм Канал
https://t.me/academeg_true_original
Канал с ШОРТСАМИ
https://www.youtube.com/channel/UCOz273vVx0_3IdqfTYIJNYQ
Я.Дзен
https://zen.yandex.ru/academeg
Rutube
https://rutube.ru/channel/818870/
ПО вопросам рекламы и сотрудничества:
academeg@a-proved.ru
Мой канал стримов:
https://www.youtube.com/c/AcademeGDailyStream
Instagram:
https://instagram.com/academeg
Вконтакт:
http://vk.com/AcademeG
AcademeG тру ориджинал групп:
http://vk.com/academeg_reviews
Фтарой канал:
https://www.youtube.com/user/AcademeG2ndCh
TikTok
https://www.tiktok.com/@academeg.official
Автохимия Suprotec-Aprohim:
https://suprotec.ru/

Реклама. Рекламодатель ООО «Маркет.Трейд», ИНН 9705171890, erid: CQH36pWzJqMVJ8LPCqYoP8Eu1AA1AbFgux1SVJAwbDbzYN . Продавец ООО «Маркет.Трейд» (ОГРН 1227700339492, 121099, г. Москва, Новинский б-р, д.8). Актуальную информацию о товарах см. на сервисе Яндекс Маркет. 0+",AcademeG,"[""academeg"", ""академег"", ""академик"", ""тест"", ""драйв"", ""обзор"", ""test"", ""drive"", ""auto"", ""авто"", ""костя"", ""заруцкий""]",982521,10726.96543726558,0,4831,2025-11-09T16:54:13Z,2,Autos & Vehicles,[],[],"[""academeg"", ""auto"", ""drive"", ""test"", ""авто"", ""академег"", ""академик"", ""драйв"", ""заруцкий"", ""костя"", ""обзор"", ""тест""]",[]
wbUlyUJ8KzI,BMW let me crazy cart in their showroom 🫣 #crazycart #driftkart,,kmatzFD3S,[],12903403,77302.29597205768,1,26,2025-11-06T13:34:33Z,2,Autos & Vehicles,"[""crazycart"", ""driftkart""]",[],[],"[""crazycart"", ""driftkart""]"
34M7GmNJ9gs,"Датчик, что снизит расход топлива","Загорелся «Check Engine» и вырос расход? Часто причина — забитый кислородный датчик. Покажу быстрый и дешёвый способ почистить его самому: снимаем разъём, выкручиваем датчик, очищаем — и ошибка уходит. Экономия на ремонтах гарантирована. Copyright Notice: In accordance with Section 107 of the Copyright Act of 1976, this material is used under the 'fair use' provision for activities such as criticism, commentary, news reporting, teaching, scholarship, and research.

Если вы считаете, что видео на этом канале нарушает Ваши авторские права, напишите нам на почту: premiumworks1020@gmail.com, и мы ответим Вам в течение 24 часов. Видео будет удалено с канала или мы Вас отметим (как Вы посчитаете нужным).

If you are the owner of copyright and have discovered that your material has been used without your permission, or if you wish to request the removal of content for another reason, please write to us at our official email address: premiumworks1020@gmail.com",Avia_drone,[],486770,6142.4271165311575,1,48,2025-11-10T05:15:00Z,2,Autos & Vehicles,[],[],[],[]
tjyqdjPogXo,БМВ которая умеет менять цвет кузова,,Nuko GGLK ,[],1959864,7273.20594934294,1,11,2025-11-02T07:02:01Z,2,Autos & Vehicles,[],[],[],[]
8IEB5ND_Q0Q,PERFECT Custom Bobber Loaded up and off to Italy! 🤯,"Loaded up and off to Italy for EICMA 2025 🇮🇹 This stunning K&N custom bobber is ready to steal the spotlight. Performance air filters with unmatched presence and power 💨🏍️

See it in person this weekend 👊

#CustomMotorcycles #UKBikeBuilds #MotorbikeDesign #KNFilters #EICMA2025 #ThorntonHundred #ItsOnlyNatural #thorntonhundred #bobber #bespoke #motorcycle #triumph #motorcyclesofinstagram",Thornton Hundred Motorcycles,[],5503846,35190.02920288049,1,17,2025-11-07T00:05:37Z,2,Autos & Vehicles,"[""triumph"", ""motorbikedesign"", ""motorcycle"", ""motorcyclesofinstagram"", ""bobber"", ""custommotorcycles"", ""thorntonhundred"", ""knfilters"", ""bespoke"", ""itsonlynatural"", ""eicma2025"", ""ukbikebuilds""]",[],[],"[""bespoke"", ""bobber"", ""custommotorcycles"", ""eicma2025"", ""itsonlynatural"", ""knfilters"", ""motorbikedesign"", ""motorcycle"", ""motorcyclesofinstagram"", ""thorntonhundred"", ""triumph"", ""ukbikebuilds""]"
JGSEHJrFzBk,SCARO custom paint job of Range Rover Sport Supercharged #Scaro #CustomPaint #Artcar #CapCut,,SCARO,[],589299,8912.724123008882,1,60,2025-11-10T18:22:42Z,2,Autos & Vehicles,"[""scaro"", ""artcar"", ""capcut"", ""custompaint""]",[],[],"[""artcar"", ""capcut"", ""custompaint"", ""scaro""]"
Hne3uYhANRU,"Сломается ли электровелосипед, если его утопить?",,FastMotion,"[""электросамокат"", ""мастерская"", ""ремонт"", ""своими руками"", ""сяоми"", ""найнбот"", ""куга"", ""дуалтрон"", ""xiaomi"", ""ninebot"", ""электросамокаты"", ""diy"", ""велосипед"", ""электровелосипед""]",1274005,5788.616138018543,1,32,2025-11-04T08:24:33Z,2,Autos & Vehicles,[],[],"[""diy"", ""ninebot"", ""xiaomi"", ""велосипед"", ""дуалтрон"", ""куга"", ""мастерская"", ""найнбот"", ""ремонт"", ""своими руками"", ""сяоми"", ""электровелосипед"", ""электросамокат"", ""электросамокаты""]",[]
M_vfq8WQkoU,2х литровый мотор на ВАЗ,,СЕМЁН САВОНЧИК,[],430081,3474.202371681572,0,62,2025-11-08T08:42:16Z,2,Autos & Vehicles,[],[],[],[]
rSqWe7al2PE,😧ЗАЕХАЛ В САЛОН ЛАДА В ДАГЕСТАНЕ!,"🚘 Авто из-за границы без переплат?
🔥 Переходи в ТГ (в шапке профиля)
🎁 Промокод BLACKAUTO15 — скидка 15%",ТУПОЙ БОБР,"[""авто"", ""лада"", ""гранта"", ""салон""]",96464,4292.862615785254,1,18,2025-11-12T14:01:35Z,2,Autos & Vehicles,[],[],"[""авто"", ""гранта"", ""лада"", ""салон""]",[]
R2-chuvu-X8,Как скрыть зазоры на кузове авто,,Autogon,[],1094122,4462.010704871013,1,10,2025-11-03T07:17:20Z,2,Autos & Vehicles,[],[],[],[]
lIo0MzzWq2E,new suzuki🚌😱peatr engine starting technology😳😱😱,new suzuki🚌😱peatr engine starting technology😳😱😱,BACK -START,"[""new suzuki🚌😱peatr engine starting technology😳😱😱""]",32845560,137818.06300991433,1,19,2025-11-03T14:10:18Z,2,Autos & Vehicles,[],[],"[""new suzuki🚌😱peatr engine starting technology😳😱😱""]",[]
-JQa9pq-PO8,Тойота загнала нас в тупик. Становится только хуже...,"Продолжение оживления Toyota Rav 4. 
Сегодня мы решаем пойти на кардинальные меры и полностью переустановить сигнализацию правильно. Ведь до этого, она была установлена «на отвали». Куча скруток, окислы, плохой контакт - возможно, в этом кроется разгадка.
Посмотрим…

Если не смотрели первую часть, то стоит начать с нее:
https://youtu.be/0CbifDGR_eI

Ильдар Авто-подбор это официальный канал группы компаний ""АП"". 
Работаем c 2013 года. По всей России. 

Чем мы можем Вам помочь:
✔ Подбор автомобилей с гарантией. Проверка по 105 пунктам. Экспертиза, оценка авто: https://podbor.org
✔ Страхование по всей России ОСАГО/КАСКО: https://ins.podbor.org
✔ Автосервис. Ремонт, обслуживание авто в Москве: https://service.podbor.org
✔ Вкуснейший натуральный Мёд с пасеки моего отца: https://honey.podbor.org
✔ Наш мерч: http://merch.podbor.org
✔ Хочешь работать в нашей компании? Го сюда: https://job.podbor.org

Для тех, кто хочет поддержать наш Благотворительный проект: https://podbor.org/charity/

Обращайтесь! Мы всегда Вам рады!",ИЛЬДАР АВТО-ПОДБОР,"[""эльдар"", ""авто"", ""подбор"", ""падбор"", ""ильдар"", ""ильдпр"", ""автоподбор"", ""эльдпр"", ""элдар"", ""илдар"", ""тойота"", ""toyota"", ""рав"", ""rav"", ""рав 4"", ""rav 4"", ""az fe"", ""zz fe"", ""мотор"", ""глохнет"", ""рхх"", ""кхх"", ""клапан"", ""холостой"", ""ход"", ""сигналка"", ""сигнализация"", ""сервис"", ""ап"", ""автосервис"", ""оживление"", ""олег"", ""блок"", ""управления"", ""осциллограф"", ""микросхема"", ""троит"", ""катушка"", ""bremi"", ""бреми"", ""маршал"", ""эвакуатор"", ""ремонт""]",2026301,12097.52339619939,0,5081,2025-11-06T13:00:00Z,2,Autos & Vehicles,[],[],"[""az fe"", ""bremi"", ""rav"", ""rav 4"", ""toyota"", ""zz fe"", ""авто"", ""автоподбор"", ""автосервис"", ""ап"", ""блок"", ""бреми"", ""глохнет"", ""илдар"", ""ильдар"", ""ильдпр"", ""катушка"", ""клапан"", ""кхх"", ""маршал"", ""микросхема"", ""мотор"", ""оживление"", ""олег"", ""осциллограф"", ""падбор"", ""подбор"", ""рав"", ""рав 4"", ""ремонт"", ""рхх"", ""сервис"", ""сигнализация"", ""сигналка"", ""тойота"", ""троит"", ""управления"", ""ход"", ""холостой"", ""эвакуатор"", ""элдар"", ""эльдар"", ""эльдпр""]",[]
zX2Q6Qsf5Q4,ESTHETE for Cadillac Escalade 2024–2026,"Stock felt powerful until you saw what precision can do.

Shots by @romano_za 

ESTHETE for Cadillac Escalade 2024–2026.

Power, redesigned.

larte-design.com

#cadillacescalade2026 #largetruck #lartedesign #familytruck",LARTE Design,[],2249915,10369.25635849265,1,12,2025-11-04T11:31:04Z,2,Autos & Vehicles,"[""cadillacescalade2026"", ""lartedesign"", ""largetruck"", ""familytruck""]",[],[],"[""cadillacescalade2026"", ""familytruck"", ""largetruck"", ""lartedesign""]"
achCFfcGH58,Кто-то приклеил жучок к его тачке 😲,Кто-то приклеил жучок к его тачке 😲 #приколы #прикол #юмор #смешно #смех #ржака #мем #угар,RenkO,"[""факты"", ""интересные факты"", ""интересные истории"", ""истории"", ""интересно"", ""добрые новости"", ""новости"", ""юмор"", ""приколы"", ""смех"", ""смешно"", ""renkoo"", ""renko""]",594217,4157.868760562384,1,14,2025-11-07T13:35:00Z,2,Autos & Vehicles,"[""смех"", ""приколы"", ""угар"", ""мем"", ""юмор"", ""прикол"", ""смешно"", ""ржака""]","[""приколы"", ""смех"", ""смешно"", ""юмор""]","[""renko"", ""renkoo"", ""добрые новости"", ""интересно"", ""интересные истории"", ""интересные факты"", ""истории"", ""новости"", ""факты""]","[""мем"", ""прикол"", ""ржака"", ""угар""]"
1Phm8H5ICeI,Ferrari’s 1st Self Driving Car spotted. #ootd #viral #beauty #car #ferrari #automobile,,Time Travelling Brother Louie,[],1243224,10016.063993257445,1,11,2025-11-08T08:22:27Z,2,Autos & Vehicles,"[""automobile"", ""ferrari"", ""viral"", ""ootd"", ""car"", ""beauty""]",[],[],"[""automobile"", ""beauty"", ""car"", ""ferrari"", ""ootd"", ""viral""]"
XHqYm2rbVX4,"Какой вариант лучше, как думаете? 🤔 Видео 78/150, подпишись 🔥 #таксист #automobile #машина #такси",,Бахтияр.72,[],184181,4032.870335614221,1,12,2025-11-11T14:49:38Z,2,Autos & Vehicles,"[""automobile"", ""такси"", ""машина"", ""таксист""]",[],[],"[""automobile"", ""машина"", ""такси"", ""таксист""]"
YbMpbYfJLAQ,АЗОТ не помог..😅 #gsxr1000  vs #s1000rr  на азоте и удлинении #мото #motorcycle,,MotoRaido,[],724734,2542.3568081004846,1,26,2025-11-01T15:26:00Z,2,Autos & Vehicles,"[""мото"", ""gsxr1000"", ""s1000rr"", ""motorcycle""]",[],[],"[""gsxr1000"", ""motorcycle"", ""s1000rr"", ""мото""]"
Q0rPk-fP5Qs,ЧТО Это за ШНУРКИ над колесами Грузовиков? #шортс,"Главная загадка дальнобойщиков, ответ на которую знают только дальнобойщики #факты",Bubble™,"[""факты"", ""факт"", ""интересные факты"", ""шортсы"", ""шортс"", ""видео"", ""бабл"", ""bubble"", ""facts"", ""fact"", ""interesting facts"", ""shorts""]",157799,7703.16619636044,1,19,2025-11-12T16:00:44Z,2,Autos & Vehicles,"[""факты"", ""шортс""]","[""факты"", ""шортс""]","[""bubble"", ""fact"", ""facts"", ""interesting facts"", ""shorts"", ""бабл"", ""видео"", ""интересные факты"", ""факт"", ""шортсы""]",[]
btH9XmRjzKw,Секрет неподвижных колёс Rolls-Royce! #лютаяфизика,"Привет, меня зовут Лютов Тимофей и ты на канале Лютая Физика!

Здесь мы обсуждаем конечно же физику, смотрим эксперименты, лайфхаки, изучаем космос и вселенную, учим физику с нуля, не забываем про научпоп и конечно же познавательно популяризируем науку!
Математики вышли из чата, а все физики уже давно вступили в телеграм, по ссылке в шапке профиля 😉",Лютая физика,"[""физика"", ""наука"", ""научпоп"", ""вселенная"", ""физика с нуля"", ""познавательно"", ""популяризация науки"", ""математика"", ""космос"", ""эксперементы"", ""лайфхак"", ""лютая физика"", ""лютов тимофей""]",540685,4635.526334429645,1,24,2025-11-08T15:51:28Z,2,Autos & Vehicles,"[""лютаяфизика""]",[],"[""вселенная"", ""космос"", ""лайфхак"", ""лютая физика"", ""лютов тимофей"", ""математика"", ""наука"", ""научпоп"", ""познавательно"", ""популяризация науки"", ""физика"", ""физика с нуля"", ""эксперементы""]","[""лютаяфизика""]"
XtumMP5MdDY,Main HousingRestoration#mechanic#motorsport #manualmachinist# machineshop #repair#enginerebuild,,The Mechanic Work,[],1168051,12264.045838388309,1,36,2025-11-09T13:15:19Z,2,Autos & Vehicles,"[""mechanic"", ""repair"", ""enginerebuild"", ""motorsport"", ""manualmachinist""]",[],[],"[""enginerebuild"", ""manualmachinist"", ""mechanic"", ""motorsport"", ""repair""]"
H0jY5YKEmLc,The Good The Bad and The Ugly 2 ⁠@EnnioMorricone,"Part 2: the kick-start that starts the showdown  🏍️  💨 

 🎬 part 1 (4.9M views):

Https://youtu.be/O0o4rqj4mps 


 👇 Drop a 🔥 if you’d ride this

#thegoodthebadtheugly #enniomorricone #harleydavidson #kickstart #bikerlife #shorts",kaktuspanhead ,[],13504522,51059.215967120595,1,20,2025-11-02T12:00:35Z,2,Autos & Vehicles,"[""shorts"", ""harleydavidson"", ""enniomorricone"", ""thegoodthebadtheugly"", ""kickstart"", ""bikerlife""]",[],[],"[""bikerlife"", ""enniomorricone"", ""harleydavidson"", ""kickstart"", ""shorts"", ""thegoodthebadtheugly""]"
uAW9ILfw9ek,⚙️ Farol desregulado? O que o mecânico precisa ver! | Leia a Descrição 🤯⬇️,"⬇️🤑 TRANSFORME seu Carro com 2 REAIS! 🤯⬇️ 
s.shopee.com.br/AUlgZEZxqM
Clique no meu canal para ir direto para o link!

🔧 O farol do carro tem um mecanismo simples de ajuste (como o que se vê na imagem) que é crucial para a segurança. Faróis desregulados podem ofuscar quem vem no sentido contrário, além de prejudicar sua visibilidade.

A regulagem correta garante que o feixe de luz ilumine a estrada de forma eficiente, sem causar perigo a outros motoristas. Sempre que trocar a lâmpada, sofrer um impacto ou notar diferença na iluminação, procure um profissional.

Rodar com farol desregulado pode render multas e acidentes. 💰

✅ Proteja seu investimento! Siga: @mecanicodochris e aprenda a economizar com a manutenção correta!

⚠ DM para créditos ou pedido de remoção (sem intenção de copyright). © All rights and credits reserved to the respective owner(s).

#farol #regulagem #segurancaautomotiva #mecanicafacil",Mecânico do Chris | Dicas | Carros,[],1659699,11732.02005812277,1,12,2025-11-07T15:01:47Z,2,Autos & Vehicles,"[""regulagem"", ""farol"", ""segurancaautomotiva"", ""mecanicafacil""]",[],[],"[""farol"", ""mecanicafacil"", ""regulagem"", ""segurancaautomotiva""]"
lKxz0ChEAqk,"Олег стал ПЕРЕКУПОМ! Осторожно, треш контент!","Покупайте хорошие машины с пробегом на Авто.ру: https://auto.ru/s/cJMkFV

Купить набор инструментов Inforce со скидкой 10% по промокоду INFORCE1 по ссылке https://bit.ly/47seiT2
---------------
*МЕРЧ АП КОМАНДЫ*
https://www.wildberries.ru/brands/312250711-ap-komanda
__________
*НАШ ТЕЛЕГРАМ:*
https://t.me/KomandaAP
*VK Видео:*
https://vk.com/video/@komandaap
*RUTUBE:*
https://rutube.ru/channel/23891992/
---------------
*По вопросам сотрудничества и рекламы:*
production@podbor.org
---------------
Основной канал Ильдара: https://www.youtube.com/@UCG4yz4wtp2E5S62L06yqC9w 
Лайв канал Ильдара: https://www.youtube.com/@UCbhggnCHlPJQVkIzmfCJUXw 
---------------
""Команда АП"" это один из официальных каналов группы компаний ""АП"". 
Работаем c 2013 года. По всей России. 

Чем мы можем Вам помочь:
✔ Подбор автомобилей с гарантией. Проверка по 105 пунктам. Экспертиза, оценка авто: https://podbor.org
✔ Страхование по всей России ОСАГО/КАСКО: https://ins.podbor.org
✔ Автосервис. Ремонт, обслуживание авто в Москве: https://service.podbor.org
✔ Вкуснейший натуральный Мёд с пасеки моего отца: https://honey.podbor.org
✔ Хочешь работать в нашей компании? Го сюда: https://job.podbor.org

Для тех, кто хочет поддержать наш Благотворительный проект: https://podbor.org/charity/
---------------
В видео есть реклама:
Реклама. ООО «Яндекс.Вертикали». ИНН 7704340327. Erid: CQH36pWzJqDgHCeiU6RRwEeMkSUsrgKVcjz5KA5kXnMu7x
Реклама. ООО «Яндекс.Вертикали». ИНН 7704340327. Erid: CQH36pWzJqDgHCeiXaMswEk4JvVkKDmFyeTCSpQ2CSXMtQ
Реклама. ООО ""ВсеИнструменты.ру"", ИНН 7722753969. erid: 2W5zFHhU264",Команда АП,"[""ренo симбол"", ""renault symbol"", ""рено символ"", ""ап команда"", ""ап олег"", ""ап леша"", ""ап саня"", ""ап толя"", ""ильдар"", ""балацко"", ""толя ап"", ""олег перекуп"", ""перекупы"", ""автобарыги"", ""автоканал"", ""оживление мертвеца"", ""оживление"", ""восстановление авто"", ""реанимация авто"", ""ремонт авто"", ""купить авто дешево"", ""тачка за 200 тысяч"", ""по низу рынка"", ""низ рынка"", ""авто за копейки"", ""автохлам"", ""сломался мотор"", ""проблемы с радиатором"", ""проблемы с тормозами""]",732102,15422.339073707528,0,4908,2025-11-11T13:01:37Z,2,Autos & Vehicles,[],[],"[""renault symbol"", ""авто за копейки"", ""автобарыги"", ""автоканал"", ""автохлам"", ""ап команда"", ""ап леша"", ""ап олег"", ""ап саня"", ""ап толя"", ""балацко"", ""восстановление авто"", ""ильдар"", ""купить авто дешево"", ""низ рынка"", ""оживление"", ""оживление мертвеца"", ""олег перекуп"", ""перекупы"", ""по низу рынка"", ""проблемы с радиатором"", ""проблемы с тормозами"", ""реанимация авто"", ""ремонт авто"", ""ренo симбол"", ""рено символ"", ""сломался мотор"", ""тачка за 200 тысяч"", ""толя ап""]",[]
E6MEuHfvDRc,"Он Не Знал, Как Поставить Колесо #shorts","Он Не Знал, Как Поставить Колесо #shorts

I do not claim copyright for this video. All rights belong to the authors. I respect the authors of this video.

NOTE: This video falls under fair use and is intended for EDUCATIONAL purposes ONLY.

✉️ Do not send us a copyright strike. Write to us by email and we will remove your video. Let's stay human: ketablya000@gmail.com

Disclaimer:
Copyright Disclaimer Under Section 107 of the Copyright Act 1976, allowance is made for ""fair use"" for purposes such as criticism, comment, news reporting, teaching, scholarship, and research. Fair use is a use permitted by copyright laws that might otherwise be infringing. Non-commercial, educational, or personal use tips the scales in favor of YouTube's fair use.",Генератор Кино,"[""shorts""]",2535121,9585.002920219682,1,20,2025-11-02T12:00:32Z,2,Autos & Vehicles,"[""shorts""]","[""shorts""]",[],[]
eqgyibAagZs,Газуй Газуй😁,,SIBIR TROFI,[],279984,2156.913133122421,1,15,2025-11-08T02:41:22Z,2,Autos & Vehicles,[],[],[],[]
3jFSQxvPk6I,опасно 😬😬 #казахстан #automobile #астана #дальнобой #mechanic #train,,dalnoboy_ kaz,[],770090,5939.393999945878,1,12,2025-11-08T02:50:21Z,2,Autos & Vehicles,"[""automobile"", ""дальнобой"", ""mechanic"", ""казахстан"", ""train"", ""астана""]",[],[],"[""automobile"", ""mechanic"", ""train"", ""астана"", ""дальнобой"", ""казахстан""]"
4t0p1poFA8M,7 ноября 2025 г.,,Simela Si ,[],383901,2398.0288950269505,1,13,2025-11-06T20:24:25Z,2,Autos & Vehicles,[],[],[],[]
FItAo0tf0mY,Fall’s last throttle pull!,"Fall’s last throttle pull!

SUBSCRIBE OR YOUR SLED WON’T START!!",Sledders of North,"[""#sled"", ""#sledhub"", ""#snowmobile""]",3023071,11881.728782296392,1,14,2025-11-02T22:04:01Z,2,Autos & Vehicles,[],[],"[""#sled"", ""#sledhub"", ""#snowmobile""]",[]
VEtIGJNk86U,АВТОФАКТ НЕ СВЯЗАННЫЙ С АВТОМОБИЛЯМИ ШЕВЕЛИ ПОРШНЯМИ,"Вот так, иногда бывает, что живешь и не догадываешься о действительно правильном значении выражений😄
Шевели поршнями",МАРТИН БОГАТЫРЕВИЧ garage,[],269328,3888.170661338458,1,30,2025-11-10T15:13:43Z,2,Autos & Vehicles,[],[],[],[]
Kl_BKWvskyk,Tire Gun Plug Repair Kit #tirerepair #tiregun #tireplug #tiremushroom,"Using a tire gun mushroom plug repair kit to fix a puncture.

~~~~ Part Links ~~~~
As an Amazon Associate I earn from qualifying purchases.

🚗 Tire Gun Repair Kit ~ https://amzn.to/4ny7cBj

Disclaimer: TopTipMechanic is a participant in the Amazon Services LLC Associates Program, an affiliate advertising program designed to provide a means for sites to earn advertising fees by advertising and linking to www.amazon.com

NOTE: This kit is designed for tubeless tires and any repairs should only be carried out on the main treaded area of the tire and NOT on the shoulder or sidewall sections. This should only used as a temporary repair to get you to a tire shop to have the tire inspected and patched internally. This is not intended to be a long-term fix or a replacement for a professional tire repair. I am only demonstrating how to use the repair kit, I have nothing to do with its design or manufacture. WARNING: Use of this product could void tire warranty. Do NOT attempt any type of tire repair if any of the following conditions exist:

• The tire has less than 1.6mm tread depth
• The puncture is greater than 1/4 inch diameter (6mm)
• There is structural damage to tread, carcass, inner liner, or bead (including cracking, bubbling, ply separation, etc.)
• The puncture is on the shoulder or sidewall of the tire
• The tire has been inflated with any flammable gas
• The perforating object cannot be located
• The perforating object is not straight indicating the puncture path is not straight
• There is little resistance felt when inserting the repair
• There is evidence that the tire has been driven under-inflated
• There is evidence of possible structure/internal damage


Disclaimer:

Under no circumstances will TopTipMechanic be responsible or liable in any way for any content, including but not limited to, any errors or omissions in the content, or for any loss or damage of any kind incurred as a result of any content communicated in this video, whether by TopTipMechanic or a third party. In no event shall TopTipMechanic be liable for any special, indirect or consequential damages or any damages whatsoever resulting from loss of use, data or profits arising out of or in connection with the availability, use or performance of any information communicated in this video. Due to factors beyond the control of TopTipMechanic, it cannot guarantee against improper use or unauthorized modifications of this information. TopTipMechanic assumes no liability for property damage or injury incurred as a result of any of the information contained in this video. Use this information at your own risk. TopTipMechanic recommends safe practices when performing any do it yourself repairs and or with tools seen or implied in this video. Due to factors beyond the control of TopTipMechanic, no information contained in this video shall create any expressed or implied warranty or guarantee of any particular result. Any injury, damage, or loss that may result from improper use of these tools, equipment, or from the information contained in this video is the sole responsibility of the user and not TopTipMechanic.",Top Tip Mechanic,"[""tire repair gun"", ""tire gun repair"", ""tire plug kit"", ""internal views"", ""tire repair kit"", ""mushroom plug"", ""puncture repair"", ""stop and go"", ""tire gun repair kit"", ""car tyre"", ""slime tire plug repair kit"", ""emergency"", ""conserto de pneus"", ""tyre plugger kit"", ""grand pitstop"", ""reifenreparatur"", ""टायर की मरम्मत"", ""puncture repair kit"", ""tutorial"", ""plugging"", ""naprawa opon"", ""car tyres"", ""plug kit"", ""tyres"", ""réparation de pneus"", ""riparazione pneumatici"", ""タイヤ修理"", ""tyre repair plug"", ""tyre repair"", ""tires"", ""cars"", ""vans"", ""trucks"", ""motorcycles""]",32404385,86484.7997689321,0,67,2025-10-28T21:48:51Z,2,Autos & Vehicles,"[""tirerepair"", ""tiremushroom"", ""tireplug"", ""tiregun""]",[],"[""car tyre"", ""car tyres"", ""cars"", ""conserto de pneus"", ""emergency"", ""grand pitstop"", ""internal views"", ""motorcycles"", ""mushroom plug"", ""naprawa opon"", ""plug kit"", ""plugging"", ""puncture repair"", ""puncture repair kit"", ""reifenreparatur"", ""riparazione pneumatici"", ""réparation de pneus"", ""slime tire plug repair kit"", ""stop and go"", ""tire gun repair"", ""tire gun repair kit"", ""tire plug kit"", ""tire repair gun"", ""tire repair kit"", ""tires"", ""trucks"", ""tutorial"", ""tyre plugger kit"", ""tyre repair"", ""tyre repair plug"", ""tyres"", ""vans"", ""टायर की मरम्मत"", ""タイヤ修理""]","[""tiregun"", ""tiremushroom"", ""tireplug"", ""tirerepair""]"
2lBMiKiZ0Dk,Лучшая машина в истории страны!,,Top Moments,[],408044,7701.695017456975,1,46,2025-11-11T07:30:58Z,2,Autos & Vehicles,[],[],[],[]
Gl60krOxf2A,Volvo YCC! Кисы объясняют 😻 #volvo,,Autokisa ,[],504247,3482.3365052056147,0,71,2025-11-07T11:41:45Z,2,Autos & Vehicles,"[""volvo""]",[],[],"[""volvo""]"
98J7fVulW8g,Сибиряк вошёл в историю своим заездом!😱🔥💪,"Copyright Notice: In accordance with Section 107 of the Copyright Act of 1976, this material is used under the 'fair use' provision for activities such as criticism, commentary, news reporting, teaching, scholarship, and research.

Если вы считаете, что видео на этом канале нарушает Ваши авторские права, напишите нам на почту: k8494791@gmail.com и мы ответим Вам в течение 24 часов. Видео будет удалено с канала или мы Вас отметим (как Вы посчитаете нужным).

If you are the owner of copyright and have discovered that your material has been used without your permission, or if you wish to request the removal of content for another reason, please write to us at our official email address: k8494791@gmail.com

#shorts #шортс",Dan Montoya,[],279725,2594.9864351388983,1,41,2025-11-09T00:42:10Z,2,Autos & Vehicles,"[""шортс"", ""shorts""]",[],[],"[""shorts"", ""шортс""]"
GLoFLMsY-lg,Когда перекуп сбивает цену:,,ЮРИЧ,[],245956,4982.989972941575,1,46,2025-11-11T11:08:17Z,2,Autos & Vehicles,[],[],[],[]
QMZK999cni8,Наш перекуп в США продает машины в разы дороже чем конкуренты👍,#заработок #своимируками #работа,HOOK SHORTS,[],252335,5672.332001772824,1,40,2025-11-11T16:00:43Z,2,Autos & Vehicles,"[""работа"", ""своимируками"", ""заработок""]",[],[],"[""заработок"", ""работа"", ""своимируками""]"
dhqbuokBiAY,ВЫХЛОП НА ПРИОРУ #shorts,,Мистер Глушитель,"[""shorts"", ""выхлоп"", ""приора""]",152309,3497.496301425109,1,57,2025-11-11T16:56:57Z,2,Autos & Vehicles,"[""shorts""]","[""shorts""]","[""выхлоп"", ""приора""]",[]
icl4n4bsxLU,Тюнинг своими руками🤯 #мото #bike,"АВТО-КОНТЕНТ на втором канале: @carautoshorts

Все показанные действия выполняются специалистами в контролируемых условиях. Повторение может представлять серьёзную опасность для жизни и здоровья. НЕ ПОВТОРЯТЬ!

Видеоматериалы в этом видео используются исключительно для информирования и взаимодействия с аудиторией. Мы не имеем намерений нарушать чьи-либо права. Благодарим за понимание.",MOTO-SHORTS,[],224944,5137.40746065262,1,30,2025-11-11T16:42:42Z,2,Autos & Vehicles,"[""мото"", ""bike""]",[],[],"[""bike"", ""мото""]"
ewOrUzyF6p0,Нет инструментов? Нет проблем! 🛠️💪,"Африканские механики без инструментов находят невероятные решения! 🔧 Их креативность и смекалка превращают обычные автозапчасти в спортивные снаряды. Эти мастера показывают, что ремонт автомобилей — это не только работа, но и настоящий фитнес. 💪 Пока другие ищут оборудование, они используют всё, что под рукой, чтобы продолжать чинить машины и накачивать мышцы. Их изобретательность вдохновляет и доказывает: даже без денег и инструментов можно добиться результата, если есть желание и умение. 🚗",Viral Vodka,"[""механики"", ""ремонт автомобилей"", ""автосервис"", ""автозапчасти"", ""импровизация"", ""нет инструментов"", ""самодельные инструменты"", ""гараж"", ""африка"", ""изобретательность"", ""механик без инструментов"", ""как чинят машины"", ""авто лайфхаки"", ""ремонт без инструментов"", ""творчество"", ""механики из африки"", ""африканские мастера"", ""креативные решения"", ""смешное видео"", ""механики ютуб"", ""работа без инструментов"", ""автолайфхак"", ""ремонт своими руками"", ""необычные механики"", ""гараж африка"", ""механики тренируются"", ""механики фитнес"", ""африканские гении""]",1182819,4959.929684438417,1,20,2025-11-03T14:01:20Z,2,Autos & Vehicles,[],[],"[""авто лайфхаки"", ""автозапчасти"", ""автолайфхак"", ""автосервис"", ""африка"", ""африканские гении"", ""африканские мастера"", ""гараж"", ""гараж африка"", ""изобретательность"", ""импровизация"", ""как чинят машины"", ""креативные решения"", ""механик без инструментов"", ""механики"", ""механики из африки"", ""механики тренируются"", ""механики фитнес"", ""механики ютуб"", ""необычные механики"", ""нет инструментов"", ""работа без инструментов"", ""ремонт автомобилей"", ""ремонт без инструментов"", ""ремонт своими руками"", ""самодельные инструменты"", ""смешное видео"", ""творчество""]",[]
K1y6YpZWXOE,Поставили на авто квадратные колеса🛞😳Как это поедет? #авто #машина,,Гараж 54,"[""гараж54"", ""garage54"", ""гараж"", ""54""]",146888,6255.001786023422,0,62,2025-11-12T13:00:50Z,2,Autos & Vehicles,"[""машина"", ""авто""]",[],"[""54"", ""garage54"", ""гараж"", ""гараж54""]","[""авто"", ""машина""]"
Ck5UJdgY3x8,Перезаправляю маленькие баллоны (не трачу деньги на новые),"Chirik _welding Сергей  +380965009219
Связь с автором - Евгений Травников: 
teoria.dvs.official@gmail.com
Телеграм: @TeoriaDVS

Контакты:
TikTok: www.tiktok.com/@teoria_dvs
              www.tiktok.com/@asmr_engine7
Телеграм Канал: https://t.me/teoria_dvs
INSTAGRAM www.instagram.com/teoria.dvs_official/
FACEBOOK www.facebook.com/profile.php?id=100002069116004
ЛАЙФ канал www.youtube.com/user/TravnikovBlog",Теория ДВС,"[""травников"", ""двигатель"", ""теория двс""]",318611,4798.321659930885,0,81,2025-11-10T18:05:48Z,2,Autos & Vehicles,[],[],"[""двигатель"", ""теория двс"", ""травников""]",[]
QxIdx5tPGDA,Загадка стационарного двигателя. #мотор #механизация #моторист #мото #ретротехника #тракторист,,MotoArt7,[],235191,8510.63496362231,1,60,2025-11-12T08:51:44Z,2,Autos & Vehicles,"[""ретротехника"", ""моторист"", ""мото"", ""мотор"", ""механизация"", ""тракторист""]",[],[],"[""механизация"", ""мото"", ""мотор"", ""моторист"", ""ретротехника"", ""тракторист""]"
eUa0_yqeMl0,КТО БЫСТРЕЕ до МОСКВЫ на ВЕДРЕ? НИКИТОС vs БОРОДАЧ,"Скидка 20% на всю продукцию бренда FELIX на OZON по промокоду NIKITOS20 — https://ozon.onelink.me/SNMZ/3cawkrrh

Выбрать антифриз для вашей машины: https://bit.ly/3LOQct9

Откройте расчётный счёт в Т-Бизнесе — https://l.tbank.ru/nikitosytnov

КТО БЫСТРЕЕ до МОСКВЫ на ВЕДРЕ? НИКИТОС vs БОРОДАЧ - это новая рубрика, которая вам точно понравится! Гонка всегда смотрится на одном дыхании и этот видос не исключение, смотрится просто на одном дыхании. Очень надеюсь, что вам понравится и мы продолжим снимать эту рубрику с другими вашими любимыми блогерами!

Канал Бородача: https://www.youtube.com/@KIrill_borodach_1

Мой ТЕЛЕГРАМ: https://t.me/NIKITOSTEAM
Мой ВК: https://vk.com/nikitos_1000
Мой ТВИТЧ: https://www.twitch.tv/nikitwit

Заказать РЕКЛАМУ - niki.coop@mail.ru",НИКИТОС,"[""никитос"", ""1000км"", ""1000км на ржавых вёдрах"", ""10000км"", ""путешествие на вёдрах"", ""великий вася"", ""nikitos"", ""аукцион"", ""тачка из мусора"", ""путешествие"", ""автоваз"", ""ваз"", ""ржавое ведро"", ""автомобили"", ""авто"", ""автоблогер"", ""юра волков"", ""бпан"", ""автоконтент"", ""ведро"", ""авторынок"", ""тюнинг"", ""тюнинг авто"", ""кто дальше"", ""челлендж"", ""волков"", ""бункер"", ""тонер"", ""тонировка"", ""кто дальше на одном баке"", ""10.000км"", ""путешествие"", ""путешествие на авто"", ""1000км на ведре"", ""10000км на ведре"", ""бпан из мусора"", ""китайка"", ""посадка"", ""сходка бпан"", ""варпач"", ""5000км"", ""кто быстрее""]",564497,8005.950894052803,0,5451,2025-11-10T13:59:15Z,2,Autos & Vehicles,[],[],"[""10.000км"", ""10000км"", ""10000км на ведре"", ""1000км"", ""1000км на ведре"", ""1000км на ржавых вёдрах"", ""5000км"", ""nikitos"", ""авто"", ""автоблогер"", ""автоваз"", ""автоконтент"", ""автомобили"", ""авторынок"", ""аукцион"", ""бпан"", ""бпан из мусора"", ""бункер"", ""ваз"", ""варпач"", ""ведро"", ""великий вася"", ""волков"", ""китайка"", ""кто быстрее"", ""кто дальше"", ""кто дальше на одном баке"", ""никитос"", ""посадка"", ""путешествие"", ""путешествие на авто"", ""путешествие на вёдрах"", ""ржавое ведро"", ""сходка бпан"", ""тачка из мусора"", ""тонер"", ""тонировка"", ""тюнинг"", ""тюнинг авто"", ""челлендж"", ""юра волков""]",[]
R_HXc7rK--4,BMW vs Tesla,"DISCLAIMER:
This video is for entertainment purposes only and is only my opinion, is a ranking that is implied by the text and real meaning behind the meme

#shorts #car #bmw #tesla  #automobile #carlover",Clipken,[],4261405,129442.0188611404,1,21,2025-11-12T03:34:33Z,2,Autos & Vehicles,"[""automobile"", ""shorts"", ""bmw"", ""carlover"", ""car"", ""tesla""]",[],[],"[""automobile"", ""bmw"", ""car"", ""carlover"", ""shorts"", ""tesla""]"
DJ2GcNWm4RU,MAZ Truck Evolution (1947–2025) 🚛,"From the classic MAZ-200 to today’s MAZ-5440M and the Dakar rally trucks — watch Belarus’s heavy-duty icon evolve in seconds!
Which MAZ is your favorite: road warrior or rally monster? 👇
Like • Comment • Subscribe #artdriveexpo",Art Drive Expo,"[""#маз"", ""#maz"", ""#мазбеларусь"", ""#maztrucks"", ""#dakarrall"", ""#грузовикимаз"", ""#раллидакар"", ""#maz200"", ""#mazsportauto"", ""#maz5440m"", ""#maz500""]",1374783,5788.852272881693,0,73,2025-11-03T15:00:33Z,2,Autos & Vehicles,"[""artdriveexpo""]",[],"[""#dakarrall"", ""#maz"", ""#maz200"", ""#maz500"", ""#maz5440m"", ""#mazsportauto"", ""#maztrucks"", ""#грузовикимаз"", ""#маз"", ""#мазбеларусь"", ""#раллидакар""]","[""artdriveexpo""]"
_5Ng1PRAUT0,How To CHEAPLY Make Your Car Louder!,,Daily Dose of Cars,"[""mechanics"", ""mechanic fails"", ""life hacks"", ""car hacks"", ""car fails"", ""car video"", ""funny videos""]",1213834,6422.8190523604535,1,10,2025-11-05T15:30:34Z,2,Autos & Vehicles,[],[],"[""car fails"", ""car hacks"", ""car video"", ""funny videos"", ""life hacks"", ""mechanic fails"", ""mechanics""]",[]
tyKRaza4_6w,A beautiful day of lady trucker with SCANIA trucks so beautiful #volvo #scania trucks,,The trucks life ,[],3291166,8151.209671761674,1,11,2025-10-27T16:43:59Z,2,Autos & Vehicles,"[""scania"", ""volvo""]",[],[],"[""scania"", ""volvo""]"
3QWQP0RJf6o,Все правильно сделали #юмор #прикол,"Носовое от нашего SMM-щика 
Сделали все как она попросила совместно с @this.cheshire 
#shorts #short #top #action #smm #шортс #смм #переписка #машина #приключение #путешествия #mitsubishi #delica #рекомендации #реки #юмор #приколы #топ",Nailskii,"[""shorts"", ""short"", ""top"", ""mitsubishi"", ""delica"", ""рекомендации"", ""реки"", ""приключения"", ""путешествия"", ""smm"", ""смм"", ""переписка"", ""смешно"", ""приколы""]",173323,1790.8669023306193,1,42,2025-11-09T11:42:56Z,2,Autos & Vehicles,"[""приколы"", ""shorts"", ""юмор"", ""рекомендации"", ""mitsubishi"", ""топ"", ""приключение"", ""smm"", ""прикол"", ""action"", ""смм"", ""шортс"", ""top"", ""short"", ""путешествия"", ""delica"", ""машина"", ""реки"", ""переписка""]","[""delica"", ""mitsubishi"", ""short"", ""shorts"", ""smm"", ""top"", ""переписка"", ""приколы"", ""путешествия"", ""реки"", ""рекомендации"", ""смм""]","[""приключения"", ""смешно""]","[""action"", ""машина"", ""приключение"", ""прикол"", ""топ"", ""шортс"", ""юмор""]"
u3-NysPpGYc,"Маршрут перестроен, не захотел делить","Маршрут перестроен, не захотел делить",RAMUS,"[""дтп"", ""авария"", ""автосимулятор"", ""авария сегодня"", ""реконструкция"", ""на реальных событиях"", ""чп"", ""смешные видео"", ""приколы"", ""приколы в играх"", ""угар"", ""смешные моменты"", ""эпичное видео"", ""прикол"", ""подборка смешных роликов"", ""регистратор"", ""на регистратор"", ""дпт регистратор"", ""автомобилист"", ""дорога"", ""2025"", ""смешно"", ""трасса"", ""дпс"", ""гибдд"", ""гаи"", ""водительское удостоверение"", ""права"", ""встречка"", ""лишили прав"", ""поймали"", ""приняли"", ""анимация"", ""фиаско"", ""рамус"", ""рамус арт"", ""ramus"", ""ramus art"", ""машина"", ""водитель"", ""водительница"", ""за рулём"", ""shorts"", ""авария 2025"", ""персонажи"", ""белка""]",174827,1673.3066433652255,1,19,2025-11-09T04:01:02Z,2,Autos & Vehicles,[],[],"[""2025"", ""ramus"", ""ramus art"", ""shorts"", ""авария"", ""авария 2025"", ""авария сегодня"", ""автомобилист"", ""автосимулятор"", ""анимация"", ""белка"", ""водитель"", ""водительница"", ""водительское удостоверение"", ""встречка"", ""гаи"", ""гибдд"", ""дорога"", ""дпс"", ""дпт регистратор"", ""дтп"", ""за рулём"", ""лишили прав"", ""машина"", ""на реальных событиях"", ""на регистратор"", ""персонажи"", ""подборка смешных роликов"", ""поймали"", ""права"", ""прикол"", ""приколы"", ""приколы в играх"", ""приняли"", ""рамус"", ""рамус арт"", ""регистратор"", ""реконструкция"", ""смешно"", ""смешные видео"", ""смешные моменты"", ""трасса"", ""угар"", ""фиаско"", ""чп"", ""эпичное видео""]",[]
U7x1EhTDbtM,Дрифт на грузовике,"Грузовик, двигаясь по скользкой дороге, представляет собой повышенный риск. Увеличенная тормозная дистанция и потеря сцепления делают управление более сложным. Водителю необходимо проявлять особую осторожность и соблюдать скоростной режим. Снижение скорости и плавные маневры помогут избежать аварийной ситуации. Важно учитывать погодные условия и состояние дорожного покрытия.",Грузовики 112,"[""фура"", ""скользкая дорога"", ""дальнобойщик зимой"", ""trucks112"", ""как выйти из заноса зимой"", ""дрифт на фуре""]",130850,918.3622765202281,1,18,2025-11-07T14:00:55Z,2,Autos & Vehicles,[],[],"[""trucks112"", ""дальнобойщик зимой"", ""дрифт на фуре"", ""как выйти из заноса зимой"", ""скользкая дорога"", ""фура""]",[]
T8ekRq3q2b4,Заклеено перед шинами в JCB😢,,нолан факт,[],236403,3454.3768916471754,1,22,2025-11-10T16:03:41Z,2,Autos & Vehicles,[],[],[],[]
1HU6xOR1OzA,💥😳Обзор нового футуристического мерседеса — А ты бы хотел себе такую машину? #shorts #обзор #юмор,"Credits: instagram: tuesday_leroux

I apologize if I used your video without proper 
permission. Please contact me at tokpartyhub@gmail.com to resolve any copyright concerns. Thank you for your understanding!

Copyright Disclaimer Under Section 107 of the Copyright Act 1976, allowance is made for ""fair use"" for purposes such as criticism, commenting, entertainment, news reporting, teaching, scholarship, sports, and research.
Fair use is a use permitted by copyright statutes that might otherwise be infringing. Non-profit, educational, or personal use tips the balance in favor of fair use.",Tokparty,[],3093135,10197.747590945202,1,36,2025-10-31T21:10:54Z,2,Autos & Vehicles,"[""юмор"", ""shorts"", ""обзор""]",[],[],"[""shorts"", ""обзор"", ""юмор""]"
cxvwyt9R8rk,Mercedes S600 Guard W221 установка флагштока #w221 #sclass #s600 #s600guard,,Mercedes Expert Александр Ляпич,[],294057,2374.5507622736827,1,25,2025-11-08T08:39:37Z,2,Autos & Vehicles,"[""w221"", ""sclass"", ""s600guard"", ""s600""]",[],[],"[""s600"", ""s600guard"", ""sclass"", ""w221""]"
_Xefjqt8DS4,Половина V8 странный мотор GM #automobile,"Pontiac решил сэкономить — и под руководством Джона Де Лориана просто распилил свой V8 пополам. Так появился Trophy 4 — четырёхцилиндровый мотор, который вибрировал, как будто скучал по своей второй половине. Он был тяжёлым, шумным, но при этом удивительно бодрым. Этот двигатель стал символом безумной инженерной смелости начала 60-х. #авто #car",Авто REX,"[""автомобили"", ""pontiac"", ""trophy 4"", ""pontiac tempest"", ""delorean"", ""де лориан"", ""история авто"", ""ретро авто"", ""двигатель"", ""автолегенды"", ""car history"", ""classic cars"", ""engine"", ""half v8"", ""v8 engine"", ""pontiac tempest 1961"", ""ретро техника"", ""автопром"", ""инженерия"", ""rare engine"", ""muscle car"", ""oldschool car"", ""американские машины"", ""авто факты"", ""авто история"", ""автомобили 60х"", ""auto facts"", ""automotive history"", ""car shorts"", ""авто шортс""]",171945,3930.599877035069,1,46,2025-11-11T16:45:07Z,2,Autos & Vehicles,"[""automobile"", ""car"", ""авто""]",[],"[""auto facts"", ""automotive history"", ""car history"", ""car shorts"", ""classic cars"", ""delorean"", ""engine"", ""half v8"", ""muscle car"", ""oldschool car"", ""pontiac"", ""pontiac tempest"", ""pontiac tempest 1961"", ""rare engine"", ""trophy 4"", ""v8 engine"", ""авто история"", ""авто факты"", ""авто шортс"", ""автолегенды"", ""автомобили"", ""автомобили 60х"", ""автопром"", ""американские машины"", ""двигатель"", ""де лориан"", ""инженерия"", ""история авто"", ""ретро авто"", ""ретро техника""]","[""automobile"", ""car"", ""авто""]"
uyGeZqh3588,Странный ШТРАФ ОТ СОТРУДНИКА ДПС ЗА ТОНИРОВКУ #дпс,Странный ШТРАФ ОТ СОТРУДНИКА ДПС ЗА ТОНИРОВКУ #дпс,Точно Смарт,"[""странный штраф от сотрудника дпс за тонировку""]",1641318,5193.154893961266,1,28,2025-10-31T08:26:35Z,2,Autos & Vehicles,"[""дпс""]",[],"[""странный штраф от сотрудника дпс за тонировку""]","[""дпс""]"
hooS1fSU9q8,#tesla #automobile #usa,,YURA VIKA TESLA⚡️,[],7570066,51146.518839778546,0,65,2025-11-07T08:29:23Z,2,Autos & Vehicles,"[""automobile"", ""tesla"", ""usa""]",[],[],"[""automobile"", ""tesla"", ""usa""]"
Wz39wW2pjC0,Как открыть BMW X7,,AstanaUnlock kz,[],489616,4097.149478202173,0,127,2025-11-08T12:59:44Z,2,Autos & Vehicles,[],[],[],[]
jpl2FqIdyM0,Он потерял сознание 👀,"Пока байкер ехал по городу, он почувствовал, что его руки начинают неметь — жара стояла выше 68 °C, а он был в полной экипировке. Поняв, что дальше ехать становится опасно, он свернул на парковку у торгового центра, чтобы купить что-нибудь попить. Но, когда попытался слезть с мотоцикла и пойти внутрь, организм не выдержал жары — байкер потерял сознание прямо на парковке.

Автор @blackhornets1

Copyright Disclaimer Under Section 107 of the Copyright Act 1976, allowance is made for ""fair use"" for purposes such as criticism, commenting, Entertainment, news reporting, teaching, scholarship, sports, and research. Fair use is a use permitted by copyright statutes that might otherwise be infringing. Non-profit, educational, or personal use tips the balance in favor of fair use.",Адреналин на Колёсах,[],1242762,5511.582137123663,1,26,2025-11-04T03:00:55Z,2,Autos & Vehicles,[],[],[],[]
rOvv7bkvfcw,Водитель автобуса зеркало сложил 🫶,,Скорая помощь,[],331013,2803.0119444907077,1,57,2025-11-08T14:24:19Z,2,Autos & Vehicles,[],[],[],[]
s7UiF7k-3Fs,Как так ПОЛУЧАЕТСЯ?Отличия по новым Ладам Нивам,"👋Мы СТО Пегас Авто и мы занимаемся:
✅Антикоррозионной обработкой
✅Пескоструем
✅Сварочными и покрасочными работами
В общем все,что связано с кузовом мы делаем

Мы находимся в Беларуси г.Витебск ул. Титова 151
📞Наш номер телефона +375 (29) 890-06-17

Для рекламы stopegasavto@gmail.com",Пегас Авто Витебск,[],93235,4730.617810031104,0,74,2025-11-12T16:47:18Z,2,Autos & Vehicles,[],[],[],[]
HUTp5yKoGBk,Антикор Himba - Ozon #2911979668 #авто #ржавчина #антикор #уаз #лайфхак #авторемонт #коррозия #ваз,,Himba,[],70412,3098.444207468396,1,15,2025-11-12T13:46:20Z,2,Autos & Vehicles,"[""2911979668"", ""авторемонт"", ""уаз"", ""авто"", ""коррозия"", ""антикор"", ""ваз"", ""лайфхак"", ""ржавчина""]",[],[],"[""2911979668"", ""авто"", ""авторемонт"", ""антикор"", ""ваз"", ""коррозия"", ""лайфхак"", ""ржавчина"", ""уаз""]"
VbiPi0opxLM,Конфигурация Nissan GT-R на 3000 лошадиных сил,,GoshaTurboTech,"[""gtt"", ""gosha turbo tech"", ""goshaturbotech"", ""гоша"", ""гоша турботех"", ""гоша турбо тех"", ""гошатурботех"", ""проект"", ""тюнинг"", ""tuning"", ""nissan"", ""porsche"", ""911"", ""992"", ""turbo s"", ""lamborghini"", ""huracan"", ""bmw"", ""m5"", ""g90"", ""f90"", ""ниссан"", ""гтр"", ""порше"", ""ламба"", ""ламбо"", ""ламборгини"", ""бмв"", ""м5"", ""драг"", ""дрэг рейсинг"", ""драг рейсинг"", ""дрэг"", ""ниссан гтр"", ""gtr"", ""nissan gtr""]",392228,2801.7518041691205,0,79,2025-11-07T16:30:12Z,2,Autos & Vehicles,[],[],"[""911"", ""992"", ""bmw"", ""f90"", ""g90"", ""gosha turbo tech"", ""goshaturbotech"", ""gtr"", ""gtt"", ""huracan"", ""lamborghini"", ""m5"", ""nissan"", ""nissan gtr"", ""porsche"", ""tuning"", ""turbo s"", ""бмв"", ""гоша"", ""гоша турбо тех"", ""гоша турботех"", ""гошатурботех"", ""гтр"", ""драг"", ""драг рейсинг"", ""дрэг"", ""дрэг рейсинг"", ""ламба"", ""ламбо"", ""ламборгини"", ""м5"", ""ниссан"", ""ниссан гтр"", ""порше"", ""проект"", ""тюнинг""]",[]
w3cmTBUPu9Y,"The ""Evil Diesel"" Screaming RED Hot Duramax powered Super Stock Diesel Pulling Truck","The ""Evil Diesel"" Screaming RED Hot Duramax powered Super Stock Diesel Pulling Truck pushing all the rpms down the track at diesels in dark corners 2025!

#truckpulling #dieseltrucks #rollingcoal",BUILT DIESEL MAFIA,[],3314138,9228.184567241162,1,18,2025-10-29T13:21:54Z,2,Autos & Vehicles,"[""rollingcoal"", ""dieseltrucks"", ""truckpulling""]",[],[],"[""dieseltrucks"", ""rollingcoal"", ""truckpulling""]"
7IcAuUlbL28,What was Ford’s intention here?,,Lee Houston,[],5146359,28676.96592150594,1,11,2025-11-06T01:02:15Z,2,Autos & Vehicles,[],[],[],[]
BeD6pK9ndTU,🚗 Он налил воду в яму — и всё пошло не по плану,🚗 Он налил воду в яму — и всё пошло не по плану!,SBORNIK SHORTS,[],111257,6593.242704665375,1,20,2025-11-12T19:37:22Z,2,Autos & Vehicles,[],[],[],[]
j4uoPwwAYBc,Це тіпа норм? #dj #юмор #shots #прикол #перекуп #automobile #приколыавто,,AUTO TOP,[],1321774,6228.07647746573,1,14,2025-11-04T16:16:08Z,2,Autos & Vehicles,"[""automobile"", ""перекуп"", ""прикол"", ""юмор"", ""shots"", ""dj"", ""приколыавто""]",[],[],"[""automobile"", ""dj"", ""shots"", ""перекуп"", ""прикол"", ""приколыавто"", ""юмор""]"
SThHBNgYLM0,Ремонт рулевой рейки BMW X5 с AFS — точность без права на ошибку,,"Reikanen, центр агрегатного ремонта",[],421268,2938.277125244993,0,178,2025-11-07T13:07:29Z,2,Autos & Vehicles,[],[],[],[]
OvsW7Bun-Sw,100-летний кабриолет🔥,,Спец Авто Трейд ,[],111245,4194.72211844175,1,60,2025-11-12T09:58:37Z,2,Autos & Vehicles,[],[],[],[]
-HvxsfE71ZE,Никогда не поставлю себе ЭТИ шины – мой антирейтинг!,"Колесопитер Санкт-Петербург, ш. Революции, 86, корп. 2
https://yandex.ru/maps/org/kolesopiter/113674307637

Наши официальные ресурсы ТОЛЬКО тут: 
❗️Остерегайтесь мошенников❗️
В наших соц сетях всегда только живые реакции и подписчики!
Telegram: https://t.me/kolesopiter_ru
t.me/tishinakolesopiter
Отзывы: https://t.me/tishinakoleso_group
Наш ИГ: instagram.com/kolesopiter
Наша Группа VK: https://vk.com/kolesopiter
Наш магазин: https://kolesopiter.ru
Наш ассортимент шин здесь: https://kolesopiter.ru/tyres
https://kolesopiter.ru/wheels
@ti.shina tiktok
Яндекс Дзен https://dzen.ru/kolesopiter.ru
Наш канал RuTube https://rutube.ru/channel/58963763/",ТиШИНА Анастасия KOLESOPITER,"[""зимние шины"", ""шины 2026"", ""новые шины"", ""фрикционные шины"", ""обзор шин"", ""выбор шин"", ""колесопитер"", ""continental"", ""контик"", ""континенталь"", ""yokohama"", ""екогама"", ""екохама"", ""шины екогама"", ""hankook"", ""hankook winter i*cept evo3 w330"", ""ханкук"", ""шины ханкук"", ""мишлен"", ""шины мишлен"", ""michelin"", ""нокиан"", ""шины нокиан"", ""nokian"", ""пирелли"", ""шины пирелли"", ""ikon"", ""плохие шины""]",210559,1477.63918578926,0,71,2025-11-07T14:00:01Z,2,Autos & Vehicles,[],[],"[""continental"", ""hankook"", ""hankook winter i*cept evo3 w330"", ""ikon"", ""michelin"", ""nokian"", ""yokohama"", ""выбор шин"", ""екогама"", ""екохама"", ""зимние шины"", ""колесопитер"", ""контик"", ""континенталь"", ""мишлен"", ""новые шины"", ""нокиан"", ""обзор шин"", ""пирелли"", ""плохие шины"", ""фрикционные шины"", ""ханкук"", ""шины 2026"", ""шины екогама"", ""шины мишлен"", ""шины нокиан"", ""шины пирелли"", ""шины ханкук""]",[]
dvXnpyaKc1w,BMW vs Mercedes  #bmw #mercedes #car,"DISCLAIMER:
This video is for entertainment purposes only and is only my opinion, altough without voiceover, is a ranking that is implied by the text and real meaning behind the memes.

#car #bmw #mercedes #memes #fyp #viralvideo #viralshorts #carlover #automobile #shorts",CarVerse,[],8465037,43526.838160656705,1,24,2025-11-05T10:01:07Z,2,Autos & Vehicles,"[""automobile"", ""memes"", ""shorts"", ""viralshorts"", ""mercedes"", ""bmw"", ""carlover"", ""car"", ""viralvideo"", ""fyp""]",[],[],"[""automobile"", ""bmw"", ""car"", ""carlover"", ""fyp"", ""memes"", ""mercedes"", ""shorts"", ""viralshorts"", ""viralvideo""]"
EwFsTV7vZns,"Как разводят на СТО. Ильдар Автоподбор и Олег знают, как сэкономить",,Шорты Ильдара,[],248271,2080.5421696626013,1,55,2025-11-08T13:10:02Z,2,Autos & Vehicles,[],[],[],[]
igRiyTcffmI,Bike Se Majak 🤬 | Motovlogs,"🎬 I'M GULSHAN – A HIGHLY DEMANDED SHORT VIDEO EDITOR 💻
With 4+ YEARS of EDITING EXPERIENCE, I create unique and viral short videos with a creative touch. 🔥


TAGS
KTM RC 390, KTM vlog, superbike India, speed ride, biker life, fast ride India, KTM loversbullet vlog, Royal Enfield ride, bullet lovers, desi rider, rider lifestyle, Indian moto vlogger, bike shorts India


IMPORTANT
📌 This video is edited using my own SKILLS, EFFECTS & VISUAL ENHANCEMENTS.
👉 All rights and credits go to the ORIGINAL CREATOR, mentioned in the video.

📢 This content is shared strictly for AWARENESS and ENTERTAINMENT PURPOSES ONLY.
⚠️ FAIR USE DISCLAIMER:
This video may contain copyrighted material, the use of which has not always been specifically authorized by the copyright owner.
We are making such material available for the purposes of comment, education, review, and entertainment.
We believe this constitutes a “fair use” under Section 107 of the Copyright Act 1976.
If any owner has issues with the content, please contact us directly. We will respectfully remove or credit it.

HASTAGS 
#shorts #viral #motovlog #bikelover #police",Motovlog With Gulshan,[],14288869,52694.595574587656,1,12,2025-11-02T05:20:00Z,2,Autos & Vehicles,"[""shorts"", ""viral"", ""motovlog"", ""police"", ""bikelover""]",[],[],"[""bikelover"", ""motovlog"", ""police"", ""shorts"", ""viral""]"
Bi8GpM-CTg4,I Had to Rip Off The R8 Bumper!,,Olyons,[],6751547,23627.763517990737,1,11,2025-11-01T14:45:03Z,2,Autos & Vehicles,[],[],[],[]
iRy6p-x7bPI,Простой способ распознать перекупа🧐🚗📉 @uvaga.group,"CREDIT @uvaga.group on IG
Контент используется на основании принципа добросовестного использования (раздел 107 Закона об авторском праве 1976 года) — для критики, комментариев, новостей, обучения и исследований.
Если вы хотите, чтобы мы указали вас как автора или удалили видео — напишите в Telegram: @media_fabrik или на почту marina.rp277@gmail.com — ответим в течение 24 часов.

This content is used under the Fair Use policy (Section 107 of the Copyright Act of 1976) for purposes such as criticism, commentary, news reporting, teaching, and research.
If you wish to be credited or request removal, contact us via Telegram @media_fabrik or email marina.rp277@gmail.com — we’ll respond within 24h.",БАМПЕР TV,[],120361,1737.2995946755427,1,18,2025-11-10T15:13:00Z,2,Autos & Vehicles,[],[],[],[]
CXYOA66xUt4,"Скорость Космическая, А Причина — Неожиданная! 🚀 🏍","Скорость Космическая, А Причина — Неожиданная! 🚀 🏍",Crashoria,[],232735,3119.437222448871,1,20,2025-11-10T09:53:21Z,2,Autos & Vehicles,[],[],[],[]
QG840hK0_v8,Простота бишкекского водителя удивила всех,,Srochno KG,[],2348627,7415.442999249598,1,31,2025-10-31T07:46:34Z,2,Autos & Vehicles,[],[],[],[]
HatL0I9iMoc,Купили тачку ВСЛЕПУЮ! Устраиваем АУКЦИОН...,"За авто иди на Дром и ищи тачку 1984 г. в Москве за 1 500 000 р.!
🚗 https://drom.ru/s/FOZ 🚗
Увидишь тачку которую продает Ваня!

Реклама. ООО ""АМАЯМА АВТО"", ИНН 2536125566, erid: 2W5zFJ1LaHe

По вопросам рекламы и сотрудничества на почту: reklama.444@mail.ru 
или в ТГ: https://t.me/reklama_444ds

#ДубровскийСиндикат",Джентльмены Синдиката,[],364089,9111.727014173235,0,2725,2025-11-11T20:32:20Z,2,Autos & Vehicles,"[""дубровскийсиндикат""]",[],[],"[""дубровскийсиндикат""]"
jpniGI1wYWU,🏍 Почему байкеры падают на одном и том же повороте?,"Фотограф заметил, что мотоциклисты падают на одном и том же повороте легендарного перевала Стельвио и решил выяснить почему. Оказалось, резкий спуск и крутой вираж требуют идеального контроля — малейшая ошибка, и байк уже скользит по асфальту.
#мото #байкеры #скорость #перевалСтельвио #мотоспорт #адреналин #авария #мотожизнь #поворот #мотоциклы",Mira in Russian,[],1162588,4060.667181809535,1,39,2025-11-01T14:11:33Z,2,Autos & Vehicles,"[""мото"", ""мотоциклы"", ""скорость"", ""мотожизнь"", ""байкеры"", ""мотоспорт"", ""адреналин"", ""перевалстельвио"", ""поворот"", ""авария""]",[],[],"[""авария"", ""адреналин"", ""байкеры"", ""мото"", ""мотожизнь"", ""мотоспорт"", ""мотоциклы"", ""перевалстельвио"", ""поворот"", ""скорость""]"
FzYp8hM8APQ,Вот так ПРОИСХОДЯТ ДТП в России. Полный разбор статистики ДТП,"Станьте клиентом надежного банка — https://l.tbank.ru/asafevnovember
_
МТС Линк — лидер среди платформ видеоконференций по стабильной работе даже при нестабильном подключении. Подключайтесь к МТС Линк: https://l.mts.ru/link_asafevstas
_
Большая распродажа 11.11 на Яндекс Маркете. Не забудь подписаться на магазин, чтобы увидеть все скидки - https://market.yandex.ru/business--kutezh/84407784
_
Наше сообщество в ВК — https://vk.com/asafevstas 
Канал в Телеграме — https://t.me/asafevstas   
И бусти — https://boosty.to/asafevstas
_
Чтобы попасть в нашу команду, смотрите вакансии тут — https://asafev.ru 
А чтобы показать ваш авто в обзоре, заполните данные тут — https://forms.gle/ffDAsTSahBjR3Koy9
_
00:00 Ссылка в описании
00:22 Я знаю, как вы разобьетесь
01:04 Важная новость перед началом
01:19 ДТП - общемировая проблема
04:20 Кто конкретно куда и как намотался
06:14 Для чего я записываю этот ролик
08:11 Божественная интеграция
09:51 Что такое транспортный риск и тяжесть последствий
13:00 Какое самое опасное время суток
15:51 Кто виноват и кто конкретно гибнет
18:59 Какие самые частые типы дтп
22:26 Какие правила нарушают
26:50 Самая высокая тяжесть среди типов столкновений
32:53 Нетрезвое вождение
36:05 Какой возраст и стаж самый опасный
37:59 Водители без прав
38:47 Летящие в даль ангелы
41:24 Cамая интересная статистика
45:38 Закрепляем знания
_
Подбор автомобилей с пробегом в легендарном Автопрагмате — https://clck.ru/3MEdQa
_
Контраварийное вождение и дрифт в не менее легендарной школе Ратата — https://clck.ru/3MEdK4
_
Размещение рекламы — reklama@asafev.ru
_
00.00. Сервис предоставляется ООО «Вебинар Технологии».
Согласно исследованию стабильности работы 9 популярных облачных платформ видеоконференцсвязи в России, выполненному компанией J`son & Partners Consulting в мае 2024 МТС Линк набрал наибольшее количество баллов при оценке стабильности подключения. Стоимость зависит от количества лицензий и подключаемых функций. Подробности – на https://mts-link.ru/.
Реклама. ПАО МТС, ИНН: 7740000076
erid: 2SDnjd7HKzw
01.04. Реклама. ИП Гудкова Е.М. ИНН 772795337563 erid:2W5zFJj2JUQ
08.11. Реклама. АО «ТБанк», ИНН 7710140679, лицензия ЦБ РФ № 2673 erid:2W5zFJVKb9z",Асафьев Стас,"[""асафьев"", ""стас"", ""автопрагмат"", ""авторынок"", ""бу авто"", ""с пробегом"", ""выездная диагностика"", ""автоподбор"", ""новости"", ""автоновости"", ""картавые истории"", ""автообзор"", ""документалка"", ""бмв"", ""bmw"", ""божественная интеграция"", ""мерч асафьева"", ""дтп"", ""статистика дтп"", ""дтп в россии"", ""как избежать дтп"", ""авария автомобильная"", ""как ты разобьешься"", ""столкновение"", ""дорожно-транспортное происшетсвие""]",395700,7535.514867924685,0,3008,2025-11-11T07:59:09Z,2,Autos & Vehicles,[],[],"[""bmw"", ""авария автомобильная"", ""автоновости"", ""автообзор"", ""автоподбор"", ""автопрагмат"", ""авторынок"", ""асафьев"", ""бмв"", ""божественная интеграция"", ""бу авто"", ""выездная диагностика"", ""документалка"", ""дорожно-транспортное происшетсвие"", ""дтп"", ""дтп в россии"", ""как избежать дтп"", ""как ты разобьешься"", ""картавые истории"", ""мерч асафьева"", ""новости"", ""с пробегом"", ""стас"", ""статистика дтп"", ""столкновение""]",[]
ta6m8p3x5f8,Проблемы с диагностикой немцев и китайцев,#automobile #авто #юмор #shortvideo #прикол #автосервис #топ #mechanic #ремонтавто #bmw #honda #toyota #ремонт #автомобильный #car #kia #машины #тачки #машины #mercedes #будни #funny #funnyvideo #funnyshorts #top #bmwm5 #subaru #mazda #bmwlove #mitsubishi #автомобиль #будни,Будни простого слесаря Арт_Тск,[],118269,3429.8037368842984,1,67,2025-11-12T02:00:52Z,2,Autos & Vehicles,"[""авто"", ""юмор"", ""mitsubishi"", ""bmwm5"", ""топ"", ""ремонтавто"", ""прикол"", ""car"", ""kia"", ""будни"", ""тачки"", ""automobile"", ""funnyshorts"", ""bmwlove"", ""mechanic"", ""автосервис"", ""toyota"", ""top"", ""bmw"", ""funny"", ""машины"", ""автомобильный"", ""honda"", ""ремонт"", ""subaru"", ""автомобиль"", ""mercedes"", ""shortvideo"", ""mazda"", ""funnyvideo""]",[],[],"[""automobile"", ""bmw"", ""bmwlove"", ""bmwm5"", ""car"", ""funny"", ""funnyshorts"", ""funnyvideo"", ""honda"", ""kia"", ""mazda"", ""mechanic"", ""mercedes"", ""mitsubishi"", ""shortvideo"", ""subaru"", ""top"", ""toyota"", ""авто"", ""автомобиль"", ""автомобильный"", ""автосервис"", ""будни"", ""машины"", ""прикол"", ""ремонт"", ""ремонтавто"", ""тачки"", ""топ"", ""юмор""]"
nwNb9-Tp9C8,🤣 #Дальнобой сравнил китайский #электрокар #VOYAH с #TESLA   #беларусь #россия #китай #липецк #china,#беларусы #жизньвбеларуси #новостибеларуси #прикол #belarus #юмор #auto #electrocar #chinese #автопром #дальнобойщики #контейнеровоз #дальнобой #дальнобойщик,Беларусь за МКАДом,"[""беларусь"", ""новостибеларуси"", ""shorts"", ""youtubeshorts"", ""беларусьby"", ""новости"", ""видеоновости"", ""региональныеновости"", ""беларусьсегодня"", ""жизньвбеларусь"", ""беларусьзамкадом"", ""евросоюз"", ""european union"", ""россиябеларусь"", ""регион"", ""минск"", ""minsk"", ""гомель"", ""gomel"", ""гродно"", ""grodno"", ""витебск"", ""vitebsk"", ""брест"", ""brest"", ""могилев"", ""mogilev"", ""протесты"", ""protests"", ""оппозиция"", ""opposition"", ""кризис"", ""crisis"", ""скандалы"", ""scandals"", ""миграция"", ""migration"", ""экономика"", ""economy"", ""бизнес"", ""business"", ""происшествия"", ""incidents"", ""криминал"", ""crime"", ""общество"", ""society"", ""мкад""]",571276,6313.840569053775,1,25,2025-11-09T18:01:02Z,2,Autos & Vehicles,"[""автопром"", ""юмор"", ""voyah"", ""china"", ""беларусы"", ""дальнобойщик"", ""электрокар"", ""россия"", ""прикол"", ""новостибеларуси"", ""chinese"", ""липецк"", ""дальнобой"", ""electrocar"", ""жизньвбеларуси"", ""auto"", ""китай"", ""tesla"", ""belarus"", ""беларусь"", ""дальнобойщики"", ""контейнеровоз""]","[""беларусь"", ""новостибеларуси""]","[""brest"", ""business"", ""crime"", ""crisis"", ""economy"", ""european union"", ""gomel"", ""grodno"", ""incidents"", ""migration"", ""minsk"", ""mogilev"", ""opposition"", ""protests"", ""scandals"", ""shorts"", ""society"", ""vitebsk"", ""youtubeshorts"", ""беларусьby"", ""беларусьзамкадом"", ""беларусьсегодня"", ""бизнес"", ""брест"", ""видеоновости"", ""витебск"", ""гомель"", ""гродно"", ""евросоюз"", ""жизньвбеларусь"", ""кризис"", ""криминал"", ""миграция"", ""минск"", ""мкад"", ""могилев"", ""новости"", ""общество"", ""оппозиция"", ""происшествия"", ""протесты"", ""регион"", ""региональныеновости"", ""россиябеларусь"", ""скандалы"", ""экономика""]","[""auto"", ""belarus"", ""china"", ""chinese"", ""electrocar"", ""tesla"", ""voyah"", ""автопром"", ""беларусы"", ""дальнобой"", ""дальнобойщик"", ""дальнобойщики"", ""жизньвбеларуси"", ""китай"", ""контейнеровоз"", ""липецк"", ""прикол"", ""россия"", ""электрокар"", ""юмор""]"
_n0q1ZdzoXw,И это всё по правилам?😱,"Продолжение ищи в описании канала ☝🏻 ☝🏻 ☝🏻

Если у вас есть вопросы по авторским правам на видео, пожалуйста, свяжитесь со мной в Telegram @mark_yout до предпринятия каких-либо действий и я отвечу Вам в течение 2 часов. 
Видео будет удалено с канала или я Вас отмечу (как Вы посчитаете нужным).

If you have any questions regarding the copyrights on the videos, please contact me at Telegram @mark_yout before taking any action.

Copyright Notice: In accordance with Section 107 of the Copyright Act of 1976, this material is used under the 'fair use' provision for activities such as criticism, commentary, news reporting, teaching, scholarship, and research.",AUTO TOP,[],304550,1588.3031721335742,1,26,2025-11-05T12:45:06Z,2,Autos & Vehicles,[],[],[],[]
ZyOiJVHYTjI,#washingcar #cleaningcar,Cleaning car,Eric,"[""cowhoof"", ""hoof"", ""hoofcleaning"", ""hoofcow"", ""animalcare""]",17907932,47211.66201107876,0,103,2025-10-28T17:11:08Z,2,Autos & Vehicles,"[""cleaningcar"", ""washingcar""]",[],"[""animalcare"", ""cowhoof"", ""hoof"", ""hoofcleaning"", ""hoofcow""]","[""cleaningcar"", ""washingcar""]"
VT9kcECDg-c,Mercedes amg back glass replacement #autoglass #tempered #fypシ゚viral #fyp,,Limitless Auto Glass,[],2882285,27588.213680222103,0,110,2025-11-09T04:01:19Z,2,Autos & Vehicles,"[""tempered"", ""fyp"", ""autoglass""]",[],[],"[""autoglass"", ""fyp"", ""tempered""]"
